100
13 9 1 2
13 9 1 3
13 9 1 4
13 9 1 5
13 9 1 6
13 9 1 7
13 9 1 9
13 9 2 1
13 9 2 2
13 9 2 4
13 9 2 5
13 9 2 6
13 9 2 9
13 9 3 1
13 9 3 2
13 9 3 3
13 9 3 4
13 9 3 5
13 9 3 6
13 9 3 7
13 9 3 8
13 9 3 9
13 9 4 1
13 9 4 2
13 9 4 3
13 9 4 4
13 9 4 5
13 9 4 6
13 9 4 7
13 9 4 9
13 9 5 1
13 9 5 2
13 9 5 3
13 9 5 4
13 9 5 5
13 9 5 6
13 9 5 7
13 9 5 8
13 9 5 9
13 9 6 1
13 9 6 2
13 9 6 3
13 9 6 4
13 9 6 5
13 9 6 6
13 9 6 8
13 9 7 1
13 9 7 2
13 9 7 3
13 9 7 4
13 9 7 5
13 9 7 7
13 9 8 1
13 9 8 2
13 9 8 3
13 9 8 4
13 9 8 5
13 9 8 6
13 9 8 8
13 9 9 1
13 9 9 5
13 9 9 9
13 9 10 2
13 9 10 4
13 9 10 5
13 9 10 8
13 9 11 4
13 9 11 5
13 9 11 7
13 9 11 9
13 9 12 2
13 9 12 3
13 9 12 4
13 9 12 6
13 9 12 8
13 9 13 1
13 9 13 2
13 9 13 3
13 9 13 4
13 9 13 5
13 9 13 7
13 9 13 9
13 11 1 1
13 11 1 2
13 11 1 3
13 11 1 5
13 11 1 6
13 11 1 7
13 11 1 8
13 11 1 9
13 11 1 10
13 11 1 11
13 11 2 2
13 11 2 3
13 11 2 4
13 11 2 5
13 11 2 6
13 11 2 7
13 11 2 8
13 11 2 9
