100
15 23 7 21
91 63 30 54
93 22 90 6
26 83 23 56
17 88 7 55
27 82 21 53
72 84 20 13
75 85 46 14
61 54 20 23
29 81 10 26
81 75 14 16
49 84 26 24
56 50 47 9
57 51 17 41
84 66 37 58
45 37 1 9
74 82 37 1
15 28 11 14
63 19 8 2
17 19 5 7
43 94 5 62
57 77 16 56
47 89 25 75
23 67 18 24
20 22 2 8
17 31 3 3
27 57 12 9
57 45 56 26
75 27 69 7
57 79 40 70
15 87 6 22
37 54 19 12
41 26 5 18
94 81 31 56
49 31 11 11
75 54 47 12
31 17 7 13
52 85 50 43
42 87 6 59
81 41 23 15
65 19 30 12
65 68 16 27
15 93 11 65
21 35 8 14
45 42 2 41
51 77 28 28
61 21 1 15
65 51 22 32
15 19 11 15
18 51 18 2
83 54 50 36
67 31 10 6
31 54 3 24
38 59 17 2
59 73 22 44
46 19 18 13
42 48 12 1
75 15 66 2
82 94 26 48
25 51 14 36
74 29 49 9
85 37 37 35
27 63 3 40
77 89 52 14
65 37 64 10
61 89 36 36
93 53 71 9
49 41 44 6
41 77 35 75
29 85 22 42
67 55 45 31
29 73 27 49
37 42 1 19
49 21 23 11
17 33 4 10
73 25 57 6
59 39 38 29
57 28 16 27
91 23 23 15
21 61 21 7
55 75 45 19
15 79 10 2
23 57 20 56
57 35 13 1
57 71 31 38
35 33 17 17
25 35 5 9
18 47 4 18
29 63 24 42
76 25 5 14
44 45 16 40
51 83 19 19
58 71 34 3
59 71 40 14
16 45 11 34
79 90 66 57
89 69 31 61
54 24 24 9
93 78 42 31
15 67 5 3
