100
15 11 13 5
15 11 13 7
15 11 13 9
15 11 13 11
15 11 14 1
15 11 14 2
15 11 14 3
15 11 14 5
15 11 14 6
15 11 14 8
15 11 14 10
15 11 15 2
15 11 15 3
15 11 15 4
15 11 15 5
15 11 15 7
15 11 15 11
15 13 1 1
15 13 1 2
15 13 1 4
15 13 1 5
15 13 1 6
15 13 1 8
15 13 1 9
15 13 1 10
15 13 1 12
15 13 1 13
15 13 2 1
15 13 2 2
15 13 2 3
15 13 2 4
15 13 2 6
15 13 2 7
15 13 2 8
15 13 2 9
15 13 2 10
15 13 2 11
15 13 2 12
15 13 3 1
15 13 3 2
15 13 3 3
15 13 3 4
15 13 3 5
15 13 3 6
15 13 3 7
15 13 3 8
15 13 3 9
15 13 3 10
15 13 3 11
15 13 3 12
15 13 3 13
15 13 4 1
15 13 4 3
15 13 4 4
15 13 4 5
15 13 4 6
15 13 4 8
15 13 4 9
15 13 4 10
15 13 4 11
15 13 4 12
15 13 4 13
15 13 5 2
15 13 5 3
15 13 5 4
15 13 5 6
15 13 5 9
15 13 5 11
15 13 5 12
15 13 5 13
15 13 6 1
15 13 6 2
15 13 6 3
15 13 6 4
15 13 6 5
15 13 6 6
15 13 6 8
15 13 6 10
15 13 6 12
15 13 7 1
15 13 7 2
15 13 7 3
15 13 7 4
15 13 7 5
15 13 7 9
15 13 7 11
15 13 7 13
15 13 8 1
15 13 8 2
15 13 8 3
15 13 8 4
15 13 8 5
15 13 8 6
15 13 8 8
15 13 8 10
15 13 9 1
15 13 9 2
15 13 9 3
15 13 9 4
15 13 9 5
