100
7 13 7 13
7 15 1 2
7 15 1 3
7 15 1 4
7 15 1 5
7 15 1 6
7 15 1 7
7 15 1 8
7 15 1 9
7 15 1 10
7 15 1 11
7 15 1 13
7 15 1 14
7 15 1 15
7 15 2 1
7 15 2 2
7 15 2 3
7 15 2 4
7 15 2 5
7 15 2 6
7 15 2 7
7 15 2 8
7 15 2 9
7 15 2 10
7 15 2 11
7 15 2 12
7 15 2 13
7 15 2 15
7 15 3 1
7 15 3 2
7 15 3 3
7 15 3 4
7 15 3 6
7 15 3 7
7 15 3 8
7 15 3 9
7 15 3 10
7 15 3 11
7 15 3 12
7 15 3 13
7 15 3 15
7 15 4 1
7 15 4 2
7 15 4 3
7 15 4 4
7 15 4 5
7 15 4 6
7 15 4 8
7 15 4 9
7 15 4 10
7 15 4 12
7 15 4 13
7 15 4 14
7 15 4 15
7 15 5 1
7 15 5 3
7 15 5 4
7 15 5 5
7 15 5 6
7 15 5 7
7 15 5 8
7 15 5 9
7 15 5 10
7 15 5 11
7 15 5 12
7 15 5 13
7 15 5 14
7 15 5 15
7 15 6 1
7 15 6 2
7 15 6 3
7 15 6 4
7 15 6 5
7 15 6 6
7 15 6 10
7 15 7 1
7 15 7 3
7 15 7 4
7 15 7 5
7 15 7 7
7 15 7 9
7 15 7 11
7 15 7 13
7 15 7 15
9 1 1 1
9 1 2 1
9 1 3 1
9 1 4 1
9 1 5 1
9 1 6 1
9 1 8 1
9 1 9 1
9 3 1 1
9 3 1 2
9 3 1 3
9 3 2 1
9 3 2 2
9 3 2 3
9 3 3 1
9 3 3 2
