100
53 55 15 39
33 16 7 4
17 35 2 16
62 23 25 22
61 81 17 61
52 92 2 85
80 81 59 74
56 20 34 9
59 60 5 19
41 61 19 17
77 53 22 22
67 61 22 32
71 87 50 62
23 79 23 1
85 27 1 19
27 41 11 31
25 49 16 8
15 51 15 15
49 47 18 30
82 21 63 12
69 94 9 47
25 17 22 6
26 67 21 49
40 26 30 8
31 33 6 8
31 69 31 25
16 75 4 61
65 45 60 30
88 64 35 42
55 65 3 15
51 31 23 27
88 18 85 17
17 67 12 28
37 65 23 13
71 79 24 46
25 66 5 17
60 62 26 36
84 76 83 50
33 36 2 18
73 67 26 38
27 49 14 28
81 93 50 12
94 93 52 91
49 61 21 5
51 51 41 33
41 36 12 23
57 39 25 18
61 73 33 59
53 70 21 43
88 32 44 32
64 65 55 50
70 58 29 47
83 25 5 1
57 61 5 15
28 65 27 36
75 57 67 47
43 71 24 19
91 94 69 93
28 65 9 10
31 29 23 14
66 54 32 47
35 29 13 19
59 77 33 27
43 19 33 11
69 73 8 20
82 82 62 13
83 25 57 5
22 23 20 13
80 59 51 2
74 15 52 6
45 85 19 49
78 77 13 23
25 45 4 16
75 71 7 43
81 15 37 11
73 77 31 53
45 61 42 61
15 21 5 9
93 49 29 13
39 25 35 21
41 45 17 33
55 85 51 59
55 77 53 9
87 61 10 14
55 73 6 62
86 22 35 9
81 67 9 63
85 25 77 5
65 23 25 15
65 39 26 12
79 44 36 1
57 79 54 73
30 90 12 84
23 35 14 26
29 57 20 24
36 31 25 14
21 33 6 14
44 20 21 6
15 71 14 30
45 55 3 41
