100
15 5 9 1
15 5 9 3
15 5 9 4
15 5 9 5
15 5 10 1
15 5 10 2
15 5 10 3
15 5 10 4
15 5 11 3
15 5 12 1
15 5 12 2
15 5 12 3
15 5 12 5
15 5 13 1
15 5 13 2
15 5 13 3
15 5 13 4
15 5 13 5
15 5 14 2
15 5 14 3
15 5 14 4
15 5 14 5
15 5 15 2
15 5 15 3
15 5 15 4
15 5 15 5
15 7 1 1
15 7 1 2
15 7 1 3
15 7 1 4
15 7 1 5
15 7 1 6
15 7 1 7
15 7 2 1
15 7 2 2
15 7 2 3
15 7 2 4
15 7 2 5
15 7 2 6
15 7 2 7
15 7 3 2
15 7 3 3
15 7 3 4
15 7 3 7
15 7 4 1
15 7 4 2
15 7 4 3
15 7 4 5
15 7 4 7
15 7 5 1
15 7 5 2
15 7 5 3
15 7 5 4
15 7 5 6
15 7 5 7
15 7 6 1
15 7 6 2
15 7 6 3
15 7 6 4
15 7 6 6
15 7 7 1
15 7 7 2
15 7 7 3
15 7 7 4
15 7 7 5
15 7 7 7
15 7 8 2
15 7 8 3
15 7 8 4
15 7 8 5
15 7 8 6
15 7 9 1
15 7 9 2
15 7 9 3
15 7 9 4
15 7 9 5
15 7 9 7
15 7 10 1
15 7 10 2
15 7 10 3
15 7 10 5
15 7 11 1
15 7 11 2
15 7 11 3
15 7 11 4
15 7 11 5
15 7 11 7
15 7 12 1
15 7 12 5
15 7 12 6
15 7 13 1
15 7 13 2
15 7 13 4
15 7 13 5
15 7 13 7
15 7 14 1
15 7 14 2
15 7 14 3
15 7 14 4
15 7 14 5
