100
17 55 14 16
35 15 1 11
83 49 30 42
24 17 7 6
53 75 17 27
29 77 22 10
34 81 15 76
55 33 11 29
83 81 1 33
39 41 3 18
71 90 20 47
72 90 21 7
73 23 68 22
81 71 49 47
94 92 68 4
37 33 12 10
28 21 27 16
39 71 37 29
89 60 15 37
93 61 25 1
25 57 20 12
45 43 33 25
55 26 20 25
74 80 27 18
63 71 5 36
41 93 14 22
45 65 26 28
35 24 9 4
16 15 15 13
83 67 58 4
86 38 38 34
17 20 3 4
90 65 1 25
27 47 21 41
78 53 62 13
59 46 9 42
33 47 27 45
38 19 33 18
31 87 24 2
55 93 13 59
27 67 26 38
25 32 9 3
70 59 33 50
81 93 45 15
63 87 16 82
33 51 10 42
41 61 17 7
77 75 13 45
25 77 20 44
49 81 21 41
63 89 42 48
35 53 3 49
30 40 12 11
23 63 14 30
49 90 39 28
78 46 38 39
23 59 11 35
91 31 13 14
59 65 51 60
15 77 12 40
75 85 62 64
87 27 77 23
47 21 39 5
77 89 67 85
82 18 77 6
59 42 52 37
47 63 13 13
76 89 8 12
37 32 8 19
57 46 4 13
93 19 83 11
23 57 22 24
31 25 16 23
49 58 38 6
51 28 27 26
67 87 21 31
47 76 15 6
48 57 13 43
43 78 40 73
39 27 38 10
69 87 56 47
31 49 18 42
92 77 89 47
60 23 17 10
39 45 12 2
25 91 8 12
76 59 33 14
47 73 12 70
79 64 20 16
94 24 15 17
91 33 11 17
27 29 25 7
41 71 10 2
46 35 11 16
25 53 11 7
44 88 28 75
45 71 33 47
22 28 10 6
66 84 35 1
87 29 26 12
