100
9 15 7 2
9 15 7 3
9 15 7 4
9 15 7 5
9 15 7 7
9 15 7 9
9 15 7 11
9 15 7 13
9 15 7 15
9 15 8 1
9 15 8 3
9 15 8 4
9 15 8 5
9 15 8 6
9 15 8 8
9 15 8 10
9 15 8 12
9 15 8 14
9 15 9 1
9 15 9 3
9 15 9 4
9 15 9 5
9 15 9 9
9 15 9 11
9 15 9 13
9 15 9 15
11 1 2 1
11 1 4 1
11 1 6 1
11 1 8 1
11 1 9 1
11 1 10 1
11 1 11 1
11 3 1 1
11 3 1 2
11 3 2 1
11 3 2 2
11 3 2 3
11 3 3 1
11 3 3 2
11 3 3 3
11 3 4 1
11 3 4 2
11 3 4 3
11 3 5 1
11 3 5 2
11 3 5 3
11 3 6 1
11 3 6 2
11 3 6 3
11 3 7 1
11 3 7 3
11 3 8 1
11 3 8 2
11 3 8 3
11 3 9 1
11 3 9 3
11 3 10 1
11 3 10 2
11 3 10 3
11 3 11 1
11 3 11 2
11 3 11 3
11 5 1 1
11 5 1 2
11 5 1 3
11 5 1 4
11 5 1 5
11 5 2 1
11 5 2 2
11 5 2 3
11 5 3 1
11 5 3 2
11 5 3 3
11 5 3 4
11 5 3 5
11 5 4 1
11 5 4 2
11 5 4 3
11 5 4 4
11 5 4 5
11 5 5 1
11 5 5 3
11 5 5 4
11 5 5 5
11 5 6 2
11 5 6 3
11 5 6 4
11 5 6 5
11 5 7 1
11 5 7 2
11 5 7 4
11 5 7 5
11 5 8 1
11 5 8 2
11 5 9 2
11 5 9 3
11 5 9 4
11 5 9 5
11 5 10 1
