100
72 78 57 68
19 31 1 29
45 32 20 19
71 34 65 15
77 27 7 13
88 45 50 25
93 75 40 58
69 61 52 20
43 19 25 1
75 29 59 7
36 26 7 12
67 93 22 54
57 17 42 2
86 65 6 5
79 17 77 5
71 51 71 11
80 57 40 19
65 25 13 13
58 56 21 32
45 16 35 9
73 29 9 15
33 93 22 8
47 85 16 80
37 71 14 44
48 41 47 6
31 49 1 37
21 49 13 35
65 41 53 35
32 50 24 38
43 37 43 29
35 39 9 1
37 94 30 49
18 48 10 22
75 35 13 15
55 53 4 48
83 55 44 48
55 33 40 8
69 41 44 30
53 63 23 33
53 27 4 12
39 61 9 39
47 41 15 23
74 71 38 64
80 16 50 5
64 82 22 35
54 85 23 78
91 47 18 18
75 49 5 45
71 15 69 15
55 51 41 31
59 25 3 25
35 67 21 3
41 75 16 10
21 85 20 44
45 84 3 65
81 69 45 47
16 19 12 2
29 35 8 6
90 33 69 32
49 63 40 18
84 82 2 61
79 25 51 13
51 17 18 12
45 50 42 26
93 39 59 13
43 67 16 10
42 65 26 64
81 67 27 61
69 63 33 51
36 37 5 10
31 69 20 8
84 85 62 1
72 25 71 8
80 56 66 2
53 61 34 34
15 92 13 63
25 88 10 69
71 77 24 56
34 75 28 60
40 73 36 8
41 22 25 18
26 61 23 36
57 47 19 5
47 59 29 9
45 41 39 29
69 19 32 12
42 60 19 42
65 21 25 3
67 55 65 51
48 33 28 32
53 28 6 6
93 35 91 5
25 41 14 24
83 68 17 38
30 75 21 29
31 92 1 18
33 87 4 77
85 49 15 17
61 51 50 14
68 31 42 23
