76
62 79 59 73
51 63 51 7
21 54 2 49
25 73 21 19
81 51 69 27
45 35 40 30
29 87 9 11
31 55 11 35
70 39 45 36
55 41 34 24
69 39 61 7
33 46 30 27
33 71 6 56
73 65 26 4
59 28 31 4
72 53 53 18
75 51 60 16
41 58 16 45
35 63 7 21
89 87 86 36
89 52 15 36
84 23 3 21
62 28 40 14
55 89 1 83
59 22 31 12
18 17 10 12
45 57 8 28
63 45 18 40
87 31 42 16
78 21 40 5
71 73 30 4
39 46 29 31
38 34 21 18
41 35 19 11
69 25 43 19
24 16 21 7
33 28 12 14
17 40 15 23
43 81 22 30
17 31 7 15
73 55 28 26
40 91 7 58
83 27 36 26
69 63 35 5
43 63 37 4
34 76 22 6
40 52 32 17
45 92 44 31
63 87 60 84
57 69 50 48
79 57 56 12
78 23 10 2
75 27 5 17
87 73 50 10
31 32 27 29
25 79 3 73
41 77 8 40
74 37 63 31
87 77 50 2
23 40 18 10
35 47 24 6
91 57 33 7
19 31 5 17
62 28 33 6
52 26 4 17
83 47 54 14
81 85 16 50
53 73 30 56
45 51 30 26
27 83 19 5
69 75 11 47
15 84 3 19
81 63 8 40
36 42 28 20
61 45 32 38
47 33 21 25
