100
53 91 24 40
29 64 17 36
84 45 66 15
79 37 34 8
77 41 33 3
37 48 22 19
21 23 3 5
77 58 33 7
67 25 15 1
85 88 16 85
77 53 64 8
65 62 59 32
81 15 76 10
93 35 49 5
63 71 40 4
37 71 33 27
45 25 3 25
34 51 11 31
33 47 13 43
25 87 4 4
17 35 4 30
93 57 4 10
87 69 70 16
37 71 25 67
67 41 55 15
58 50 16 29
53 80 50 14
17 72 12 72
55 75 44 66
24 47 9 39
27 57 2 22
37 83 30 58
86 44 2 23
41 47 10 26
87 26 50 4
36 15 12 6
24 52 6 11
27 43 10 35
24 88 17 17
55 17 35 13
81 85 58 72
74 34 59 4
55 72 24 71
89 21 36 12
43 59 16 32
75 31 13 21
19 57 15 39
90 21 76 20
39 79 20 18
53 86 12 41
33 86 6 67
63 67 46 44
68 29 63 6
41 24 34 15
65 57 37 51
53 22 47 5
79 15 53 15
57 81 45 17
15 21 15 9
80 77 34 62
27 73 20 6
73 61 72 26
19 27 1 21
73 25 10 16
43 36 30 17
63 79 5 17
85 20 4 10
44 49 44 2
71 33 22 6
31 71 6 6
73 34 61 6
31 91 6 8
29 55 8 10
43 45 34 44
62 56 41 49
87 87 47 85
36 81 19 72
93 33 13 21
31 55 24 30
81 39 44 22
21 18 11 10
49 89 3 43
23 82 2 34
67 59 17 41
19 73 17 3
70 72 66 71
25 27 17 24
91 73 48 56
27 19 26 14
27 29 22 24
25 22 23 20
15 94 14 31
66 16 49 11
81 35 67 29
35 75 17 19
27 53 22 36
54 46 35 33
56 19 29 17
22 59 15 1
84 80 10 40
