100
11 9 5 4
11 9 5 5
11 9 5 7
11 9 5 8
11 9 5 9
11 9 6 1
11 9 6 2
11 9 6 3
11 9 6 4
11 9 6 5
11 9 6 6
11 9 6 8
11 9 7 1
11 9 7 2
11 9 7 3
11 9 7 4
11 9 7 5
11 9 7 7
11 9 7 9
11 9 8 1
11 9 8 2
11 9 8 3
11 9 8 4
11 9 8 5
11 9 8 6
11 9 8 8
11 9 9 1
11 9 9 2
11 9 9 3
11 9 9 4
11 9 9 9
11 9 10 1
11 9 10 2
11 9 10 3
11 9 10 4
11 9 10 5
11 9 10 6
11 9 10 8
11 9 11 4
11 9 11 5
11 9 11 7
11 9 11 9
11 11 1 1
11 11 1 3
11 11 1 5
11 11 1 6
11 11 1 8
11 11 1 9
11 11 1 10
11 11 1 11
11 11 2 1
11 11 2 3
11 11 2 4
11 11 2 5
11 11 2 7
11 11 2 8
11 11 2 9
11 11 2 10
11 11 2 11
11 11 3 1
11 11 3 2
11 11 3 3
11 11 3 4
11 11 3 5
11 11 3 6
11 11 3 9
11 11 3 11
11 11 4 1
11 11 4 2
11 11 4 3
11 11 4 4
11 11 4 5
11 11 4 6
11 11 4 7
11 11 4 9
11 11 4 10
11 11 4 11
11 11 5 2
11 11 5 4
11 11 5 5
11 11 5 6
11 11 5 7
11 11 5 8
11 11 5 9
11 11 5 11
11 11 6 2
11 11 6 4
11 11 6 5
11 11 6 10
11 11 7 1
11 11 7 2
11 11 7 3
11 11 7 5
11 11 7 7
11 11 7 9
11 11 7 11
11 11 8 2
11 11 8 3
11 11 8 4
11 11 8 5
