100
13 15 1 10
13 15 1 11
13 15 1 12
13 15 1 13
13 15 1 14
13 15 1 15
13 15 2 1
13 15 2 2
13 15 2 3
13 15 2 4
13 15 2 6
13 15 2 9
13 15 2 10
13 15 2 11
13 15 2 12
13 15 2 13
13 15 3 1
13 15 3 4
13 15 3 5
13 15 3 7
13 15 3 8
13 15 3 9
13 15 3 12
13 15 3 13
13 15 3 14
13 15 3 15
13 15 4 1
13 15 4 2
13 15 4 3
13 15 4 4
13 15 4 6
13 15 4 7
13 15 4 9
13 15 4 10
13 15 4 11
13 15 4 12
13 15 4 13
13 15 4 14
13 15 5 2
13 15 5 3
13 15 5 4
13 15 5 5
13 15 5 6
13 15 5 7
13 15 5 8
13 15 5 9
13 15 5 10
13 15 5 11
13 15 5 14
13 15 5 15
13 15 6 1
13 15 6 2
13 15 6 3
13 15 6 4
13 15 6 5
13 15 6 6
13 15 6 8
13 15 6 10
13 15 6 12
13 15 6 14
13 15 7 1
13 15 7 2
13 15 7 3
13 15 7 4
13 15 7 5
13 15 7 7
13 15 7 9
13 15 7 11
13 15 7 13
13 15 7 15
13 15 8 1
13 15 8 2
13 15 8 6
13 15 8 8
13 15 8 10
13 15 8 12
13 15 8 14
13 15 9 2
13 15 9 3
13 15 9 4
13 15 9 9
13 15 9 11
13 15 9 13
13 15 9 15
13 15 10 1
13 15 10 2
13 15 10 3
13 15 10 4
13 15 10 5
13 15 10 6
13 15 10 8
13 15 10 10
13 15 10 12
13 15 10 14
13 15 11 1
13 15 11 2
13 15 11 5
13 15 11 7
13 15 11 9
13 15 11 11
