100
43 17 24 6
27 49 2 20
37 15 32 9
29 21 5 17
31 43 30 34
37 85 21 83
87 94 37 37
29 63 17 61
20 67 4 55
48 58 16 9
45 33 18 29
51 61 23 57
92 27 42 6
71 47 49 45
65 65 44 48
51 37 49 33
19 23 18 6
89 23 2 20
58 76 6 73
28 43 26 21
40 45 23 28
27 77 5 1
94 74 17 4
75 17 30 6
75 83 58 74
45 61 43 25
47 21 2 4
25 60 15 8
27 24 17 11
32 64 4 15
35 65 35 27
40 81 8 80
79 79 69 19
55 89 8 4
32 72 15 47
32 16 16 9
89 89 77 77
64 86 57 3
73 81 70 34
52 86 29 59
42 47 22 39
77 31 72 14
31 41 17 41
72 46 7 41
91 26 48 16
77 61 63 39
45 57 26 12
49 29 16 2
19 90 10 15
52 67 8 42
67 23 59 23
57 45 2 35
77 89 48 86
57 91 18 4
71 53 13 27
58 51 53 23
49 64 32 18
91 61 89 34
63 57 22 50
59 69 40 24
41 36 4 30
15 45 3 25
35 75 16 26
15 94 7 39
61 68 61 55
44 72 22 40
58 70 15 18
85 49 45 21
42 59 25 17
36 45 12 16
23 48 4 26
23 85 14 50
79 39 58 38
15 51 8 10
52 21 34 5
55 91 28 22
86 26 29 13
22 48 3 30
39 29 14 12
82 18 73 16
79 94 50 66
38 86 34 66
91 85 23 24
91 77 57 31
73 69 32 18
15 20 4 8
15 79 2 22
45 83 2 2
31 59 18 50
19 31 1 23
19 91 14 44
22 68 10 51
45 67 44 22
94 68 75 27
44 78 17 7
59 66 55 49
45 37 12 14
25 35 20 4
59 55 34 2
23 67 8 54
