100
17 73 16 6
29 25 10 16
33 42 17 35
83 73 78 4
93 67 44 18
49 17 32 12
33 46 31 3
79 37 2 22
42 39 3 37
39 21 27 17
27 61 11 5
29 33 13 13
85 27 53 3
67 33 51 13
30 80 7 43
79 31 24 18
79 29 43 1
42 50 1 22
79 15 16 4
57 37 30 20
62 85 35 22
78 65 22 12
27 71 15 51
71 87 32 48
59 33 6 16
25 85 10 38
55 33 16 4
36 72 8 50
71 65 49 51
60 72 30 41
62 40 34 25
73 32 17 26
25 49 16 49
62 21 23 18
15 33 13 21
36 87 35 12
22 37 9 4
57 73 48 72
43 72 22 22
63 63 13 55
77 21 50 6
65 63 25 23
47 29 11 25
73 31 63 19
61 81 55 71
77 77 42 12
89 31 49 11
59 93 26 50
48 19 25 19
27 87 26 58
33 20 32 10
71 41 39 25
44 61 6 37
25 89 19 35
25 57 6 14
74 91 36 75
75 53 67 41
33 17 16 8
35 62 14 46
65 59 10 50
40 77 26 75
87 58 48 57
47 41 23 11
65 19 65 17
51 93 40 14
75 35 69 9
47 33 14 12
89 43 81 43
69 55 57 45
92 27 36 25
85 45 63 23
40 39 20 15
24 82 7 53
89 37 15 15
41 27 35 9
15 31 5 31
71 61 53 49
45 33 33 21
51 59 41 29
29 33 8 16
91 69 28 66
56 18 16 2
64 87 24 2
41 87 18 64
87 48 60 24
22 29 1 3
29 29 17 7
33 89 5 81
45 19 19 15
89 89 7 43
75 91 29 23
17 87 4 34
94 92 48 34
48 56 36 13
45 31 40 6
57 27 36 24
52 32 51 14
49 46 27 4
72 78 50 35
63 65 45 10
