100
68 58 54 37
79 89 5 49
40 45 2 44
22 33 6 9
91 59 51 53
76 84 53 11
93 20 6 11
23 56 3 27
49 56 5 19
36 57 27 16
60 68 36 29
25 65 2 60
93 89 50 28
34 60 5 37
87 37 31 17
25 68 15 33
45 17 40 2
69 57 21 17
62 48 21 2
41 31 18 16
76 20 5 16
77 25 56 20
31 54 24 16
92 89 32 13
59 22 42 2
55 65 44 44
89 67 19 21
91 83 32 16
56 20 25 3
67 59 26 38
27 89 13 59
17 64 10 6
23 82 21 31
81 48 24 25
36 59 2 24
23 40 17 21
77 17 25 7
55 39 34 26
50 39 43 9
58 48 10 16
21 51 15 11
17 31 15 29
50 88 32 13
35 31 9 7
25 77 19 47
55 35 16 10
20 52 1 41
15 35 6 20
79 81 36 76
35 73 33 61
71 63 28 52
60 26 45 21
27 17 23 7
91 79 1 71
17 81 13 67
19 41 9 7
23 81 16 44
91 37 85 23
15 59 8 47
22 62 19 49
89 37 16 2
31 57 29 38
91 43 73 31
71 23 46 20
89 65 48 48
93 48 63 20
67 45 40 20
53 93 9 45
53 27 48 12
22 73 18 65
53 33 49 15
41 43 28 14
25 33 11 3
61 91 40 84
65 23 18 2
44 75 41 5
35 79 35 65
26 25 21 15
49 81 27 57
77 64 35 46
61 29 55 21
94 36 78 1
58 94 16 47
37 43 17 35
65 19 45 1
50 78 11 61
87 55 82 22
57 75 36 34
86 25 28 23
39 23 12 14
41 63 6 40
34 37 29 3
51 51 40 50
87 53 33 23
69 51 51 19
43 89 27 9
66 48 30 35
41 29 9 15
57 87 44 78
61 62 19 14
