100
3 11 2 5
3 11 2 6
3 11 2 7
3 11 2 9
3 11 2 10
3 11 3 1
3 11 3 3
3 11 3 4
3 11 3 5
3 11 3 6
3 11 3 7
3 11 3 8
3 11 3 10
3 11 3 11
3 13 1 1
3 13 1 3
3 13 1 4
3 13 1 5
3 13 1 6
3 13 1 7
3 13 1 8
3 13 1 10
3 13 1 11
3 13 1 12
3 13 1 13
3 13 2 1
3 13 2 2
3 13 2 3
3 13 2 4
3 13 2 5
3 13 2 7
3 13 2 8
3 13 2 9
3 13 2 10
3 13 2 11
3 13 2 12
3 13 3 1
3 13 3 2
3 13 3 3
3 13 3 4
3 13 3 5
3 13 3 6
3 13 3 7
3 13 3 8
3 13 3 9
3 13 3 10
3 13 3 11
3 13 3 12
3 13 3 13
3 15 1 2
3 15 1 3
3 15 1 4
3 15 1 5
3 15 1 6
3 15 1 7
3 15 1 8
3 15 1 9
3 15 1 10
3 15 1 11
3 15 1 12
3 15 1 13
3 15 1 15
3 15 2 1
3 15 2 2
3 15 2 3
3 15 2 5
3 15 2 7
3 15 2 8
3 15 2 10
3 15 2 11
3 15 2 12
3 15 2 13
3 15 2 14
3 15 2 15
3 15 3 1
3 15 3 2
3 15 3 4
3 15 3 5
3 15 3 6
3 15 3 7
3 15 3 8
3 15 3 9
3 15 3 10
3 15 3 11
3 15 3 12
3 15 3 13
3 15 3 14
3 15 3 15
5 7 1 1
5 7 1 2
5 7 1 3
5 7 1 4
5 7 1 5
5 7 1 6
5 7 1 7
5 7 2 1
5 7 2 2
5 7 2 3
5 7 2 4
5 7 2 5
