100
11 11 8 8
11 11 8 10
11 11 9 1
11 11 9 3
11 11 9 4
11 11 9 5
11 11 9 7
11 11 9 11
11 11 10 1
11 11 10 2
11 11 10 3
11 11 10 4
11 11 10 5
11 11 10 6
11 11 10 8
11 11 10 10
11 11 11 1
11 11 11 3
11 11 11 5
11 11 11 7
11 11 11 11
11 13 1 3
11 13 1 5
11 13 1 6
11 13 1 7
11 13 1 8
11 13 1 10
11 13 1 11
11 13 1 12
11 13 1 13
11 13 2 1
11 13 2 2
11 13 2 3
11 13 2 4
11 13 2 5
11 13 2 6
11 13 2 7
11 13 2 8
11 13 2 9
11 13 2 11
11 13 2 12
11 13 2 13
11 13 3 1
11 13 3 2
11 13 3 3
11 13 3 4
11 13 3 5
11 13 3 7
11 13 3 8
11 13 3 9
11 13 3 10
11 13 3 11
11 13 3 12
11 13 4 2
11 13 4 3
11 13 4 4
11 13 4 5
11 13 4 7
11 13 4 9
11 13 4 11
11 13 4 12
11 13 4 13
11 13 5 1
11 13 5 3
11 13 5 5
11 13 5 6
11 13 5 7
11 13 5 8
11 13 5 9
11 13 5 10
11 13 5 11
11 13 5 12
11 13 6 1
11 13 6 2
11 13 6 3
11 13 6 4
11 13 6 5
11 13 6 6
11 13 6 8
11 13 6 10
11 13 6 12
11 13 7 2
11 13 7 3
11 13 7 4
11 13 7 5
11 13 7 7
11 13 7 9
11 13 8 1
11 13 8 2
11 13 8 3
11 13 8 4
11 13 8 5
11 13 8 6
11 13 8 12
11 13 9 1
11 13 9 2
11 13 9 3
11 13 9 4
11 13 9 5
11 13 9 9
