100
13 13 2 10
13 13 2 11
13 13 2 12
13 13 2 13
13 13 3 1
13 13 3 2
13 13 3 3
13 13 3 4
13 13 3 6
13 13 3 8
13 13 3 9
13 13 3 10
13 13 3 11
13 13 3 12
13 13 3 13
13 13 4 1
13 13 4 4
13 13 4 5
13 13 4 7
13 13 4 8
13 13 4 9
13 13 4 10
13 13 4 11
13 13 4 12
13 13 4 13
13 13 5 1
13 13 5 2
13 13 5 5
13 13 5 6
13 13 5 10
13 13 5 11
13 13 6 1
13 13 6 2
13 13 6 3
13 13 6 4
13 13 6 5
13 13 6 8
13 13 6 10
13 13 6 12
13 13 7 1
13 13 7 2
13 13 7 3
13 13 7 5
13 13 7 7
13 13 7 9
13 13 7 11
13 13 7 13
13 13 8 1
13 13 8 2
13 13 8 3
13 13 8 4
13 13 8 5
13 13 8 6
13 13 8 8
13 13 8 10
13 13 8 12
13 13 9 1
13 13 9 2
13 13 9 3
13 13 9 5
13 13 9 7
13 13 9 9
13 13 9 13
13 13 10 1
13 13 10 2
13 13 10 3
13 13 10 4
13 13 10 6
13 13 10 8
13 13 10 10
13 13 11 1
13 13 11 2
13 13 11 3
13 13 11 4
13 13 11 5
13 13 11 7
13 13 11 11
13 13 11 13
13 13 12 1
13 13 12 2
13 13 12 3
13 13 12 4
13 13 12 6
13 13 12 8
13 13 12 10
13 13 12 12
13 13 13 1
13 13 13 2
13 13 13 4
13 13 13 5
13 13 13 7
13 13 13 9
13 13 13 11
13 13 13 13
13 15 1 3
13 15 1 4
13 15 1 5
13 15 1 6
13 15 1 7
13 15 1 8
