100
9 9 1 1
9 9 1 2
9 9 1 3
9 9 1 4
9 9 1 5
9 9 1 6
9 9 1 7
9 9 1 9
9 9 2 1
9 9 2 2
9 9 2 3
9 9 2 4
9 9 2 5
9 9 2 6
9 9 2 8
9 9 2 9
9 9 3 1
9 9 3 2
9 9 3 3
9 9 3 4
9 9 3 5
9 9 3 7
9 9 3 9
9 9 4 1
9 9 4 2
9 9 4 3
9 9 4 5
9 9 4 6
9 9 4 7
9 9 4 9
9 9 5 1
9 9 5 2
9 9 5 3
9 9 5 4
9 9 5 5
9 9 5 6
9 9 5 7
9 9 5 8
9 9 5 9
9 9 6 1
9 9 6 2
9 9 6 3
9 9 6 4
9 9 6 5
9 9 6 6
9 9 6 8
9 9 7 1
9 9 7 2
9 9 7 3
9 9 7 5
9 9 7 7
9 9 7 9
9 9 8 1
9 9 8 2
9 9 8 3
9 9 8 4
9 9 8 5
9 9 8 6
9 9 8 8
9 9 9 1
9 9 9 2
9 9 9 3
9 9 9 4
9 9 9 5
9 9 9 7
9 9 9 9
9 11 1 2
9 11 1 3
9 11 1 4
9 11 1 6
9 11 1 8
9 11 1 9
9 11 1 10
9 11 1 11
9 11 2 1
9 11 2 2
9 11 2 3
9 11 2 4
9 11 2 5
9 11 2 6
9 11 2 7
9 11 2 8
9 11 2 9
9 11 2 10
9 11 2 11
9 11 3 1
9 11 3 2
9 11 3 3
9 11 3 4
9 11 3 5
9 11 3 6
9 11 3 8
9 11 3 9
9 11 3 10
9 11 3 11
9 11 4 1
9 11 4 2
9 11 4 3
9 11 4 5
9 11 4 6
