100
9 11 4 8
9 11 4 9
9 11 4 10
9 11 5 1
9 11 5 3
9 11 5 4
9 11 5 5
9 11 5 6
9 11 5 8
9 11 5 10
9 11 5 11
9 11 6 1
9 11 6 2
9 11 6 3
9 11 6 4
9 11 6 5
9 11 6 6
9 11 6 8
9 11 6 10
9 11 7 3
9 11 7 4
9 11 7 9
9 11 7 11
9 11 8 1
9 11 8 2
9 11 8 3
9 11 8 4
9 11 8 5
9 11 8 6
9 11 8 8
9 11 8 10
9 11 9 1
9 11 9 2
9 11 9 3
9 11 9 4
9 11 9 5
9 11 9 7
9 11 9 9
9 11 9 11
9 13 1 1
9 13 1 2
9 13 1 3
9 13 1 4
9 13 1 5
9 13 1 6
9 13 1 8
9 13 1 9
9 13 1 10
9 13 1 11
9 13 1 12
9 13 1 13
9 13 2 1
9 13 2 2
9 13 2 3
9 13 2 4
9 13 2 5
9 13 2 7
9 13 2 8
9 13 2 9
9 13 2 11
9 13 2 12
9 13 2 13
9 13 3 1
9 13 3 3
9 13 3 4
9 13 3 7
9 13 3 8
9 13 3 9
9 13 3 10
9 13 3 11
9 13 3 12
9 13 3 13
9 13 4 3
9 13 4 4
9 13 4 5
9 13 4 6
9 13 4 7
9 13 4 8
9 13 4 12
9 13 5 1
9 13 5 2
9 13 5 3
9 13 5 4
9 13 5 5
9 13 5 6
9 13 5 7
9 13 5 8
9 13 5 10
9 13 5 11
9 13 5 12
9 13 5 13
9 13 6 1
9 13 6 2
9 13 6 3
9 13 6 5
9 13 6 6
9 13 6 8
9 13 6 10
9 13 7 2
9 13 7 3
