100
79 27 47 11
21 61 19 7
83 47 78 42
77 61 44 32
77 19 19 11
39 19 35 13
73 92 66 48
39 39 13 37
43 50 43 10
61 48 27 41
42 86 24 24
56 22 25 1
55 91 30 12
23 45 21 15
23 73 10 14
61 43 57 17
29 29 27 23
68 25 18 17
23 35 10 18
45 62 31 20
32 83 21 33
51 15 22 12
93 19 8 14
71 93 58 2
68 66 43 22
43 51 21 13
73 83 71 31
44 92 32 42
59 15 49 13
42 21 20 10
32 23 6 21
24 78 13 34
46 57 21 22
35 48 9 45
26 21 2 21
73 71 1 59
23 17 4 17
72 53 44 6
55 27 15 15
76 35 18 10
27 91 25 63
19 43 6 40
53 83 27 21
58 36 53 3
59 19 3 7
25 27 9 5
89 33 51 29
44 41 24 38
57 39 33 7
55 39 40 2
21 62 20 55
30 90 14 28
37 19 27 7
59 93 20 18
39 42 10 41
90 36 6 24
42 46 36 11
77 21 35 3
61 17 59 7
73 21 29 5
81 63 37 19
47 23 46 14
37 85 5 15
77 81 33 50
61 43 3 21
63 89 4 40
33 47 22 34
27 89 3 57
29 45 12 42
81 47 22 42
26 16 11 2
73 28 21 19
55 91 55 27
90 66 39 22
21 69 5 15
56 91 50 52
93 67 79 19
82 86 68 73
61 77 30 54
63 17 51 2
57 94 32 89
30 66 12 23
73 19 57 1
27 71 12 42
92 61 41 34
25 28 15 21
44 36 24 4
72 74 20 67
82 84 17 46
61 39 26 6
16 40 11 15
68 39 54 29
26 65 1 36
29 71 14 18
31 91 1 21
73 63 28 32
35 31 4 8
78 77 64 19
28 53 17 36
58 55 43 23
