100
9 13 7 4
9 13 7 5
9 13 7 7
9 13 7 9
9 13 7 11
9 13 7 13
9 13 8 1
9 13 8 2
9 13 8 3
9 13 8 4
9 13 8 5
9 13 8 6
9 13 8 8
9 13 8 10
9 13 8 12
9 13 9 1
9 13 9 2
9 13 9 3
9 13 9 5
9 13 9 7
9 13 9 9
9 13 9 11
9 13 9 13
9 15 1 1
9 15 1 2
9 15 1 3
9 15 1 4
9 15 1 5
9 15 1 6
9 15 1 7
9 15 1 8
9 15 1 9
9 15 1 10
9 15 1 11
9 15 1 12
9 15 1 13
9 15 1 14
9 15 1 15
9 15 2 1
9 15 2 2
9 15 2 3
9 15 2 4
9 15 2 5
9 15 2 6
9 15 2 7
9 15 2 8
9 15 2 9
9 15 2 10
9 15 2 11
9 15 2 12
9 15 2 14
9 15 2 15
9 15 3 2
9 15 3 3
9 15 3 4
9 15 3 5
9 15 3 6
9 15 3 8
9 15 3 9
9 15 3 10
9 15 3 11
9 15 3 12
9 15 3 13
9 15 3 14
9 15 3 15
9 15 4 1
9 15 4 2
9 15 4 3
9 15 4 5
9 15 4 6
9 15 4 7
9 15 4 8
9 15 4 9
9 15 4 10
9 15 4 11
9 15 4 13
9 15 4 14
9 15 4 15
9 15 5 1
9 15 5 2
9 15 5 3
9 15 5 4
9 15 5 5
9 15 5 6
9 15 5 7
9 15 5 8
9 15 5 9
9 15 5 10
9 15 5 11
9 15 5 12
9 15 5 13
9 15 5 14
9 15 6 2
9 15 6 3
9 15 6 4
9 15 6 5
9 15 6 8
9 15 6 10
9 15 6 14
9 15 7 1
