100
1 78 1 60
1 81 1 78
1 49 1 25
81 1 76 1
54 1 15 1
1 45 1 26
1 62 1 46
1 26 1 22
1 49 1 29
1 97 1 11
1 67 1 39
1 75 1 20
37 1 26 1
1 59 1 46
65 1 14 1
56 1 30 1
95 1 8 1
27 1 2 1
1 67 1 49
84 1 8 1
73 1 42 1
1 85 1 81
94 85 61 75
47 17 31 11
58 87 14 18
83 73 17 57
15 33 9 21
43 43 17 15
47 27 34 8
84 26 22 2
35 35 27 9
91 71 69 29
19 72 18 37
27 67 12 18
41 55 13 9
45 58 18 31
26 91 12 1
47 93 17 63
75 37 49 25
47 49 11 31
28 59 26 43
68 84 32 10
21 87 12 48
90 40 22 6
69 91 11 67
93 57 57 31
77 63 45 17
25 33 4 18
57 55 43 37
35 27 7 17
61 63 22 16
87 27 2 24
34 68 1 68
37 89 26 14
73 69 1 21
31 15 31 15
15 83 9 17
90 66 81 8
69 23 14 16
87 31 49 17
25 20 16 9
88 70 8 6
68 71 55 3
81 37 41 11
73 16 2 4
59 93 42 60
41 29 25 27
17 37 16 10
93 16 84 13
45 18 39 16
83 25 49 2
15 45 5 11
17 43 17 7
23 71 9 58
15 25 13 11
65 63 1 19
17 69 4 26
79 54 28 47
24 28 19 17
37 55 11 27
61 77 36 58
80 93 79 27
47 62 38 26
32 80 10 21
91 41 11 31
88 47 4 39
69 21 31 15
65 79 17 25
76 21 58 4
75 44 46 43
43 77 30 60
85 49 22 14
27 73 21 61
21 35 11 25
38 35 15 1
65 29 58 26
85 25 35 21
39 21 8 8
27 65 14 50
60 78 2 71
