100
13 5 6 4
13 5 6 5
13 5 7 1
13 5 7 2
13 5 7 3
13 5 7 5
13 5 8 1
13 5 8 2
13 5 8 3
13 5 8 5
13 5 9 1
13 5 9 3
13 5 9 4
13 5 10 1
13 5 10 2
13 5 10 3
13 5 10 5
13 5 11 1
13 5 11 2
13 5 11 3
13 5 12 1
13 5 12 2
13 5 12 3
13 5 12 4
13 5 12 5
13 5 13 1
13 5 13 2
13 5 13 3
13 5 13 4
13 5 13 5
13 7 1 1
13 7 1 2
13 7 1 4
13 7 1 5
13 7 1 7
13 7 2 1
13 7 2 2
13 7 2 3
13 7 2 4
13 7 2 5
13 7 2 6
13 7 2 7
13 7 3 1
13 7 3 2
13 7 3 3
13 7 3 5
13 7 3 6
13 7 3 7
13 7 4 1
13 7 4 2
13 7 4 3
13 7 4 4
13 7 4 5
13 7 4 6
13 7 4 7
13 7 5 1
13 7 5 2
13 7 5 3
13 7 5 4
13 7 5 5
13 7 5 6
13 7 5 7
13 7 6 1
13 7 6 2
13 7 6 3
13 7 6 4
13 7 6 5
13 7 6 6
13 7 7 1
13 7 7 3
13 7 7 4
13 7 7 7
13 7 8 1
13 7 8 2
13 7 8 5
13 7 8 6
13 7 9 1
13 7 9 3
13 7 9 4
13 7 9 5
13 7 10 1
13 7 10 2
13 7 10 3
13 7 10 5
13 7 10 6
13 7 11 1
13 7 11 3
13 7 11 4
13 7 11 7
13 7 12 1
13 7 12 3
13 7 12 4
13 7 12 5
13 7 12 6
13 7 13 1
13 7 13 2
13 7 13 3
13 7 13 4
13 7 13 7
13 9 1 1
