100
15 15 5 7
15 15 5 8
15 15 5 9
15 15 5 10
15 15 5 12
15 15 5 14
15 15 5 15
15 15 6 1
15 15 6 2
15 15 6 3
15 15 6 4
15 15 6 5
15 15 6 6
15 15 6 8
15 15 6 12
15 15 7 1
15 15 7 2
15 15 7 3
15 15 7 4
15 15 7 5
15 15 7 7
15 15 7 9
15 15 7 11
15 15 7 13
15 15 7 15
15 15 8 1
15 15 8 2
15 15 8 3
15 15 8 4
15 15 8 5
15 15 8 8
15 15 8 10
15 15 8 12
15 15 8 14
15 15 9 2
15 15 9 3
15 15 9 4
15 15 9 5
15 15 9 7
15 15 9 11
15 15 9 13
15 15 9 15
15 15 10 2
15 15 10 3
15 15 10 4
15 15 10 5
15 15 10 6
15 15 10 8
15 15 10 10
15 15 10 12
15 15 10 14
15 15 11 1
15 15 11 4
15 15 11 5
15 15 11 7
15 15 11 9
15 15 11 11
15 15 11 13
15 15 12 2
15 15 12 3
15 15 12 4
15 15 12 5
15 15 12 6
15 15 12 8
15 15 12 10
15 15 12 12
15 15 13 1
15 15 13 2
15 15 13 3
15 15 13 4
15 15 13 5
15 15 13 7
15 15 13 9
15 15 13 11
15 15 13 13
15 15 13 15
15 15 14 1
15 15 14 2
15 15 14 3
15 15 14 4
15 15 14 5
15 15 14 6
15 15 14 8
15 15 14 12
15 15 14 14
15 15 15 1
15 15 15 2
15 15 15 4
15 15 15 5
15 15 15 7
15 15 15 13
15 15 15 15
1 69 1 13
75 1 21 1
1 83 1 67
86 1 68 1
1 94 1 88
1 90 1 9
81 1 10 1
1 24 1 6
