100
15 7 14 6
15 7 15 1
15 7 15 2
15 7 15 4
15 7 15 5
15 9 1 1
15 9 1 3
15 9 1 4
15 9 1 6
15 9 1 7
15 9 1 8
15 9 1 9
15 9 2 1
15 9 2 2
15 9 2 3
15 9 2 4
15 9 2 5
15 9 2 6
15 9 2 7
15 9 2 8
15 9 2 9
15 9 3 2
15 9 3 3
15 9 3 6
15 9 3 7
15 9 3 8
15 9 4 1
15 9 4 2
15 9 4 3
15 9 4 4
15 9 4 5
15 9 4 8
15 9 5 1
15 9 5 2
15 9 5 3
15 9 5 5
15 9 5 6
15 9 5 7
15 9 5 8
15 9 5 9
15 9 6 1
15 9 6 2
15 9 6 3
15 9 6 4
15 9 6 5
15 9 6 6
15 9 6 8
15 9 7 1
15 9 7 2
15 9 7 3
15 9 7 4
15 9 7 5
15 9 7 7
15 9 8 1
15 9 8 2
15 9 8 3
15 9 8 4
15 9 8 5
15 9 8 6
15 9 8 8
15 9 9 1
15 9 9 2
15 9 9 3
15 9 9 4
15 9 9 5
15 9 9 7
15 9 10 1
15 9 10 2
15 9 10 3
15 9 10 4
15 9 10 6
15 9 10 8
15 9 11 1
15 9 11 2
15 9 11 3
15 9 11 4
15 9 11 5
15 9 11 7
15 9 11 9
15 9 12 1
15 9 12 2
15 9 12 3
15 9 12 4
15 9 12 5
15 9 12 6
15 9 12 8
15 9 13 1
15 9 13 3
15 9 13 4
15 9 13 5
15 9 13 7
15 9 13 9
15 9 14 2
15 9 14 3
15 9 14 4
15 9 14 5
15 9 14 6
15 9 14 8
15 9 15 1
15 9 15 2
