100
93 23 46 8
18 36 9 10
37 71 13 31
91 53 54 22
81 71 40 12
35 59 25 59
59 40 20 32
47 77 19 51
37 23 17 6
71 33 54 26
82 64 39 13
18 15 2 14
75 27 57 11
52 54 15 22
57 31 37 5
67 43 61 7
71 66 17 18
37 75 8 54
59 55 17 7
59 81 8 44
54 36 52 18
47 49 47 9
17 49 7 25
89 43 37 39
82 21 47 21
22 17 20 3
80 32 1 24
92 51 28 12
85 27 12 18
56 86 17 25
58 69 23 66
89 65 87 29
59 71 31 49
82 28 35 18
89 58 84 34
59 15 12 2
89 93 65 21
17 74 7 2
74 31 39 1
69 73 6 12
56 18 53 4
15 89 11 51
86 27 73 19
77 66 70 54
16 74 16 37
51 39 9 33
46 78 45 67
61 43 2 22
35 74 26 9
20 91 13 82
64 52 40 34
25 29 6 14
41 89 13 29
85 73 46 16
59 41 50 28
75 49 36 48
51 25 46 10
68 26 63 18
41 27 8 26
54 22 33 14
15 77 13 61
31 77 23 15
53 61 40 26
23 75 23 55
87 72 16 53
85 56 49 11
83 55 22 2
21 83 19 19
61 31 18 4
57 75 35 55
31 47 15 21
83 93 49 7
59 33 16 22
73 19 23 9
48 84 29 32
63 46 57 33
23 21 5 5
74 46 18 41
91 15 59 9
21 63 17 51
21 23 15 15
67 21 5 7
93 85 17 13
93 59 50 30
59 39 34 36
15 47 4 22
57 17 1 15
51 39 48 16
29 74 17 41
91 32 26 27
29 83 5 7
88 42 81 18
41 27 18 4
67 45 36 34
18 81 15 53
17 15 13 3
21 17 14 2
79 81 9 81
79 47 30 37
44 54 9 22
