100
7 7 3 6
7 7 3 7
7 7 4 1
7 7 4 3
7 7 4 4
7 7 4 5
7 7 4 6
7 7 5 2
7 7 5 3
7 7 5 4
7 7 5 5
7 7 5 7
7 7 6 1
7 7 6 2
7 7 6 3
7 7 6 4
7 7 6 5
7 7 6 6
7 7 7 3
7 7 7 4
7 7 7 5
7 9 1 1
7 9 1 2
7 9 1 3
7 9 1 4
7 9 1 5
7 9 1 7
7 9 1 8
7 9 2 1
7 9 2 2
7 9 2 3
7 9 2 4
7 9 2 5
7 9 2 6
7 9 2 7
7 9 2 8
7 9 2 9
7 9 3 1
7 9 3 2
7 9 3 3
7 9 3 4
7 9 3 6
7 9 3 7
7 9 3 8
7 9 3 9
7 9 4 1
7 9 4 2
7 9 4 3
7 9 4 4
7 9 4 5
7 9 4 6
7 9 4 8
7 9 5 1
7 9 5 2
7 9 5 3
7 9 5 4
7 9 5 5
7 9 5 6
7 9 5 7
7 9 5 8
7 9 5 9
7 9 6 1
7 9 6 2
7 9 6 3
7 9 6 4
7 9 6 5
7 9 6 6
7 9 6 8
7 9 7 1
7 9 7 2
7 9 7 3
7 9 7 4
7 9 7 7
7 9 7 9
7 11 1 1
7 11 1 4
7 11 1 5
7 11 1 6
7 11 1 8
7 11 1 9
7 11 1 10
7 11 2 1
7 11 2 2
7 11 2 3
7 11 2 5
7 11 2 6
7 11 2 7
7 11 2 8
7 11 2 9
7 11 2 10
7 11 2 11
7 11 3 1
7 11 3 2
7 11 3 3
7 11 3 4
7 11 3 5
7 11 3 6
7 11 3 7
7 11 3 8
7 11 3 9
