100
1 7 1 1
1 7 1 2
1 7 1 3
1 7 1 5
1 7 1 6
1 7 1 7
1 9 1 1
1 9 1 3
1 9 1 4
1 9 1 5
1 9 1 6
1 9 1 7
1 9 1 8
1 9 1 9
1 11 1 1
1 11 1 2
1 11 1 3
1 11 1 4
1 11 1 5
1 11 1 6
1 11 1 7
1 11 1 8
1 11 1 9
1 11 1 10
1 11 1 11
1 13 1 1
1 13 1 2
1 13 1 3
1 13 1 4
1 13 1 5
1 13 1 6
1 13 1 7
1 13 1 8
1 13 1 9
1 13 1 10
1 13 1 12
1 13 1 13
1 15 1 1
1 15 1 2
1 15 1 3
1 15 1 4
1 15 1 5
1 15 1 6
1 15 1 7
1 15 1 8
1 15 1 9
1 15 1 10
1 15 1 12
1 15 1 13
1 15 1 14
1 15 1 15
3 7 1 3
3 7 1 4
3 7 1 5
3 7 1 6
3 7 1 7
3 7 2 2
3 7 2 4
3 7 2 6
3 7 2 7
3 7 3 1
3 7 3 2
3 7 3 3
3 7 3 4
3 7 3 5
3 7 3 6
3 7 3 7
3 9 1 1
3 9 1 2
3 9 1 3
3 9 1 4
3 9 1 6
3 9 1 7
3 9 1 8
3 9 1 9
3 9 2 1
3 9 2 3
3 9 2 6
3 9 2 8
3 9 3 1
3 9 3 2
3 9 3 3
3 9 3 4
3 9 3 6
3 9 3 7
3 9 3 8
3 9 3 9
3 11 1 2
3 11 1 3
3 11 1 4
3 11 1 5
3 11 1 6
3 11 1 7
3 11 1 9
3 11 1 10
3 11 1 11
3 11 2 1
3 11 2 2
3 11 2 3
3 11 2 4
