100
71 25 18 10
25 23 25 3
79 37 26 6
27 31 2 6
71 71 49 19
87 65 31 37
35 15 18 6
37 71 28 14
65 48 34 2
86 46 39 17
65 63 21 11
15 87 10 52
45 38 1 11
79 59 42 4
45 79 20 26
68 49 32 32
20 70 17 3
25 43 21 11
25 71 13 59
63 17 34 8
55 43 52 38
57 19 47 11
91 21 70 10
87 31 43 1
34 63 20 2
50 31 49 17
85 73 70 70
17 37 13 29
40 42 11 5
20 43 10 2
36 57 31 26
79 57 6 56
37 89 8 52
76 77 43 7
32 54 26 24
93 37 83 31
50 92 25 63
73 69 12 46
81 41 7 33
15 19 5 9
90 15 24 13
73 83 7 21
26 26 22 15
81 46 29 15
35 75 19 63
49 43 25 39
17 81 6 36
85 55 8 54
91 87 14 40
17 67 5 15
49 31 21 17
69 51 17 13
90 17 12 14
38 57 16 49
89 87 80 17
27 26 20 16
30 93 27 90
91 71 47 59
15 85 9 17
81 28 31 12
27 50 3 14
79 71 51 49
57 23 1 11
29 51 8 20
38 57 1 42
85 21 74 1
47 71 23 19
31 45 24 30
39 59 17 7
19 15 7 5
25 87 8 63
39 38 21 18
77 82 59 37
31 27 28 4
25 62 15 57
63 87 5 79
93 39 34 10
53 65 12 2
37 57 20 46
57 49 10 30
89 29 35 23
23 63 10 22
77 75 7 59
46 39 11 15
83 77 43 27
65 33 61 25
45 33 8 32
43 83 19 29
24 21 10 1
60 40 33 30
51 31 42 4
68 19 39 13
31 73 28 68
21 21 6 2
31 81 23 63
49 45 13 45
68 45 31 10
65 49 30 48
52 40 44 27
91 51 59 21
