100
13 15 11 13
13 15 11 15
13 15 12 1
13 15 12 2
13 15 12 3
13 15 12 4
13 15 12 6
13 15 12 8
13 15 12 12
13 15 12 14
13 15 13 1
13 15 13 2
13 15 13 3
13 15 13 4
13 15 13 5
13 15 13 7
13 15 13 9
13 15 13 11
13 15 13 13
13 15 13 15
15 1 1 1
15 1 3 1
15 1 4 1
15 1 5 1
15 1 6 1
15 1 7 1
15 1 8 1
15 1 9 1
15 1 11 1
15 1 12 1
15 1 14 1
15 1 15 1
15 3 1 1
15 3 1 2
15 3 1 3
15 3 2 1
15 3 2 3
15 3 3 1
15 3 3 2
15 3 4 3
15 3 5 1
15 3 5 2
15 3 5 3
15 3 6 1
15 3 6 2
15 3 6 3
15 3 7 1
15 3 7 2
15 3 7 3
15 3 8 1
15 3 8 2
15 3 8 3
15 3 9 1
15 3 9 2
15 3 9 3
15 3 10 1
15 3 10 2
15 3 10 3
15 3 11 1
15 3 11 2
15 3 11 3
15 3 12 1
15 3 12 2
15 3 12 3
15 3 13 1
15 3 13 3
15 3 14 1
15 3 14 3
15 3 15 1
15 3 15 2
15 5 1 1
15 5 1 2
15 5 1 3
15 5 1 5
15 5 2 1
15 5 2 2
15 5 2 3
15 5 2 4
15 5 3 2
15 5 3 5
15 5 4 1
15 5 4 2
15 5 4 3
15 5 4 4
15 5 4 5
15 5 5 1
15 5 5 2
15 5 5 4
15 5 5 5
15 5 6 1
15 5 6 3
15 5 6 4
15 5 6 5
15 5 7 1
15 5 7 2
15 5 7 3
15 5 8 1
15 5 8 2
15 5 8 3
15 5 8 5
