100
7 11 3 11
7 11 4 2
7 11 4 4
7 11 4 5
7 11 4 6
7 11 4 7
7 11 4 8
7 11 4 9
7 11 4 10
7 11 4 11
7 11 5 3
7 11 5 4
7 11 5 5
7 11 5 7
7 11 5 8
7 11 5 9
7 11 5 10
7 11 5 11
7 11 6 1
7 11 6 2
7 11 6 3
7 11 6 4
7 11 6 5
7 11 6 6
7 11 7 2
7 11 7 3
7 11 7 4
7 11 7 5
7 11 7 7
7 11 7 9
7 11 7 11
7 13 1 1
7 13 1 2
7 13 1 3
7 13 1 4
7 13 1 6
7 13 1 7
7 13 1 8
7 13 1 11
7 13 1 13
7 13 2 1
7 13 2 2
7 13 2 3
7 13 2 5
7 13 2 6
7 13 2 7
7 13 2 8
7 13 2 9
7 13 2 10
7 13 2 11
7 13 2 12
7 13 2 13
7 13 3 1
7 13 3 2
7 13 3 3
7 13 3 5
7 13 3 6
7 13 3 7
7 13 3 8
7 13 3 10
7 13 3 11
7 13 3 12
7 13 4 1
7 13 4 4
7 13 4 5
7 13 4 6
7 13 4 7
7 13 4 8
7 13 4 9
7 13 4 10
7 13 4 13
7 13 5 1
7 13 5 2
7 13 5 3
7 13 5 4
7 13 5 5
7 13 5 6
7 13 5 7
7 13 5 8
7 13 5 9
7 13 5 11
7 13 5 12
7 13 5 13
7 13 6 1
7 13 6 2
7 13 6 3
7 13 6 4
7 13 6 5
7 13 6 6
7 13 6 8
7 13 6 10
7 13 6 12
7 13 7 1
7 13 7 2
7 13 7 3
7 13 7 4
7 13 7 5
7 13 7 7
7 13 7 9
7 13 7 11
