100
5 7 2 6
5 7 2 7
5 7 3 1
5 7 3 2
5 7 3 3
5 7 3 4
5 7 3 6
5 7 3 7
5 7 4 1
5 7 4 2
5 7 4 3
5 7 4 4
5 7 4 5
5 7 4 6
5 7 4 7
5 7 5 1
5 7 5 2
5 7 5 3
5 7 5 4
5 7 5 5
5 7 5 6
5 7 5 7
5 9 1 1
5 9 1 2
5 9 1 3
5 9 1 4
5 9 1 6
5 9 1 7
5 9 1 8
5 9 1 9
5 9 2 1
5 9 2 2
5 9 2 3
5 9 2 4
5 9 2 5
5 9 2 6
5 9 2 7
5 9 2 8
5 9 2 9
5 9 3 1
5 9 3 3
5 9 3 4
5 9 3 5
5 9 3 6
5 9 3 7
5 9 3 8
5 9 3 9
5 9 4 1
5 9 4 2
5 9 4 3
5 9 4 4
5 9 4 6
5 9 4 7
5 9 4 8
5 9 4 9
5 9 5 1
5 9 5 2
5 9 5 3
5 9 5 5
5 9 5 6
5 9 5 7
5 9 5 8
5 9 5 9
5 11 1 1
5 11 1 2
5 11 1 4
5 11 1 7
5 11 1 8
5 11 1 9
5 11 1 10
5 11 1 11
5 11 2 1
5 11 2 2
5 11 2 3
5 11 2 4
5 11 2 5
5 11 2 6
5 11 2 7
5 11 2 8
5 11 2 9
5 11 2 10
5 11 2 11
5 11 3 1
5 11 3 2
5 11 3 3
5 11 3 4
5 11 3 6
5 11 3 7
5 11 3 8
5 11 3 9
5 11 3 10
5 11 4 1
5 11 4 2
5 11 4 3
5 11 4 4
5 11 4 6
5 11 4 7
5 11 4 8
5 11 4 9
5 11 4 10
