100
55 67 55 50
22 56 6 54
59 59 12 14
27 15 17 1
57 67 22 44
83 19 15 15
70 34 48 34
31 51 1 39
21 72 15 19
54 93 44 39
75 67 59 5
65 75 50 48
41 23 36 8
55 18 25 4
84 34 61 25
29 43 27 23
79 71 56 18
16 57 4 29
81 49 6 24
75 89 56 52
73 43 72 18
64 81 42 31
30 52 30 48
43 27 41 9
89 21 77 5
75 40 21 12
93 39 72 38
83 55 1 37
67 67 24 60
23 79 20 50
42 26 34 8
59 61 8 34
27 57 21 5
84 52 30 1
65 47 54 46
45 81 15 25
33 31 8 20
19 16 16 8
47 28 7 18
41 70 37 29
61 21 42 8
81 31 66 24
48 35 27 17
46 65 12 18
73 57 63 47
87 57 37 57
23 87 8 8
68 45 15 5
86 28 61 5
54 50 20 47
63 87 56 24
58 44 29 25
27 77 19 51
58 17 4 11
54 27 34 2
45 19 45 11
81 23 21 17
89 41 38 10
19 45 3 39
27 93 22 92
77 37 43 35
43 32 26 27
46 71 19 36
75 91 45 35
58 72 57 57
45 27 21 15
57 72 15 37
55 21 24 10
29 17 22 12
45 18 39 17
79 63 63 23
35 68 26 56
77 83 35 67
39 28 10 7
74 37 55 14
83 93 25 17
37 33 29 5
41 73 7 1
20 44 8 26
47 87 30 44
21 51 21 9
33 28 17 12
93 32 78 23
89 55 31 9
77 17 62 4
83 15 82 8
85 85 13 51
63 29 31 3
57 23 55 1
30 27 2 8
56 25 35 10
21 51 20 38
65 17 41 17
63 25 34 12
91 21 39 19
60 81 25 3
89 87 2 44
67 83 38 46
84 16 24 1
32 18 4 5
