100
15 13 9 9
15 13 9 13
15 13 10 1
15 13 10 2
15 13 10 3
15 13 10 4
15 13 10 6
15 13 10 8
15 13 10 10
15 13 10 12
15 13 11 1
15 13 11 2
15 13 11 3
15 13 11 4
15 13 11 5
15 13 11 7
15 13 11 9
15 13 11 13
15 13 12 2
15 13 12 3
15 13 12 4
15 13 12 5
15 13 12 12
15 13 13 1
15 13 13 2
15 13 13 3
15 13 13 5
15 13 13 7
15 13 13 9
15 13 13 11
15 13 13 13
15 13 14 1
15 13 14 2
15 13 14 3
15 13 14 4
15 13 14 5
15 13 14 6
15 13 14 8
15 13 14 10
15 13 14 12
15 13 15 1
15 13 15 2
15 13 15 3
15 13 15 4
15 13 15 5
15 13 15 7
15 13 15 9
15 13 15 11
15 15 1 4
15 15 1 5
15 15 1 6
15 15 1 7
15 15 1 8
15 15 1 9
15 15 1 10
15 15 1 11
15 15 1 12
15 15 1 13
15 15 1 15
15 15 2 2
15 15 2 3
15 15 2 5
15 15 2 6
15 15 2 7
15 15 2 8
15 15 2 9
15 15 2 10
15 15 2 11
15 15 2 12
15 15 2 13
15 15 2 14
15 15 2 15
15 15 3 1
15 15 3 5
15 15 3 7
15 15 3 8
15 15 3 9
15 15 3 10
15 15 3 11
15 15 3 12
15 15 3 13
15 15 3 14
15 15 4 1
15 15 4 2
15 15 4 3
15 15 4 4
15 15 4 6
15 15 4 7
15 15 4 8
15 15 4 9
15 15 4 10
15 15 4 11
15 15 4 12
15 15 4 15
15 15 5 1
15 15 5 2
15 15 5 3
15 15 5 4
15 15 5 5
15 15 5 6
