100
11 13 10 1
11 13 10 2
11 13 10 3
11 13 10 4
11 13 10 5
11 13 10 6
11 13 10 8
11 13 10 10
11 13 10 12
11 13 11 1
11 13 11 2
11 13 11 3
11 13 11 5
11 13 11 7
11 13 11 9
11 13 11 11
11 13 11 13
11 15 1 1
11 15 1 2
11 15 1 4
11 15 1 5
11 15 1 6
11 15 1 8
11 15 1 9
11 15 1 10
11 15 1 11
11 15 1 12
11 15 1 13
11 15 1 14
11 15 2 3
11 15 2 4
11 15 2 5
11 15 2 6
11 15 2 7
11 15 2 8
11 15 2 9
11 15 2 10
11 15 2 11
11 15 2 13
11 15 2 14
11 15 3 1
11 15 3 2
11 15 3 3
11 15 3 4
11 15 3 5
11 15 3 6
11 15 3 7
11 15 3 8
11 15 3 9
11 15 3 10
11 15 3 11
11 15 3 12
11 15 3 13
11 15 3 14
11 15 3 15
11 15 4 1
11 15 4 2
11 15 4 3
11 15 4 4
11 15 4 6
11 15 4 7
11 15 4 8
11 15 4 9
11 15 4 10
11 15 4 11
11 15 4 12
11 15 4 13
11 15 4 14
11 15 4 15
11 15 5 1
11 15 5 2
11 15 5 3
11 15 5 4
11 15 5 5
11 15 5 6
11 15 5 7
11 15 5 8
11 15 5 10
11 15 5 11
11 15 5 13
11 15 5 14
11 15 6 1
11 15 6 3
11 15 6 5
11 15 6 6
11 15 6 8
11 15 6 10
11 15 6 14
11 15 7 1
11 15 7 2
11 15 7 3
11 15 7 4
11 15 7 5
11 15 7 7
11 15 7 9
11 15 7 11
11 15 7 13
11 15 8 1
11 15 8 2
11 15 8 3
