100
11 15 8 4
11 15 8 6
11 15 8 8
11 15 8 10
11 15 8 12
11 15 8 14
11 15 9 2
11 15 9 3
11 15 9 4
11 15 9 5
11 15 9 7
11 15 9 9
11 15 9 11
11 15 9 13
11 15 9 15
11 15 10 1
11 15 10 2
11 15 10 3
11 15 10 4
11 15 10 5
11 15 10 6
11 15 10 8
11 15 10 10
11 15 10 12
11 15 10 14
11 15 11 1
11 15 11 2
11 15 11 3
11 15 11 4
11 15 11 5
11 15 11 7
11 15 11 9
11 15 11 11
11 15 11 15
13 1 2 1
13 1 3 1
13 1 4 1
13 1 5 1
13 1 6 1
13 1 8 1
13 1 9 1
13 1 10 1
13 1 11 1
13 1 13 1
13 3 1 1
13 3 1 2
13 3 1 3
13 3 2 1
13 3 2 2
13 3 2 3
13 3 3 1
13 3 3 2
13 3 3 3
13 3 4 1
13 3 4 2
13 3 5 1
13 3 5 3
13 3 6 1
13 3 6 2
13 3 6 3
13 3 7 1
13 3 7 2
13 3 7 3
13 3 8 2
13 3 8 3
13 3 9 2
13 3 9 3
13 3 10 1
13 3 10 2
13 3 10 3
13 3 11 1
13 3 11 2
13 3 11 3
13 3 12 1
13 3 12 2
13 3 13 1
13 3 13 2
13 5 1 1
13 5 1 3
13 5 1 5
13 5 2 1
13 5 2 2
13 5 2 4
13 5 2 5
13 5 3 1
13 5 3 2
13 5 3 3
13 5 3 4
13 5 4 1
13 5 4 2
13 5 4 3
13 5 4 5
13 5 5 1
13 5 5 2
13 5 5 3
13 5 5 4
13 5 5 5
13 5 6 1
13 5 6 2
13 5 6 3
