100
5 11 4 11
5 11 5 1
5 11 5 3
5 11 5 5
5 11 5 6
5 11 5 7
5 11 5 8
5 11 5 10
5 13 1 1
5 13 1 2
5 13 1 3
5 13 1 5
5 13 1 6
5 13 1 7
5 13 1 8
5 13 1 9
5 13 1 10
5 13 1 11
5 13 1 13
5 13 2 1
5 13 2 2
5 13 2 4
5 13 2 6
5 13 2 7
5 13 2 8
5 13 2 9
5 13 2 10
5 13 2 11
5 13 2 13
5 13 3 1
5 13 3 2
5 13 3 3
5 13 3 4
5 13 3 5
5 13 3 6
5 13 3 7
5 13 3 9
5 13 3 10
5 13 3 11
5 13 3 12
5 13 3 13
5 13 4 2
5 13 4 3
5 13 4 4
5 13 4 5
5 13 4 6
5 13 4 7
5 13 4 8
5 13 4 10
5 13 4 11
5 13 4 12
5 13 4 13
5 13 5 1
5 13 5 2
5 13 5 3
5 13 5 5
5 13 5 6
5 13 5 7
5 13 5 9
5 13 5 10
5 13 5 11
5 13 5 12
5 13 5 13
5 15 1 1
5 15 1 2
5 15 1 3
5 15 1 4
5 15 1 5
5 15 1 6
5 15 1 7
5 15 1 8
5 15 1 9
5 15 1 10
5 15 1 13
5 15 1 14
5 15 2 1
5 15 2 2
5 15 2 3
5 15 2 5
5 15 2 6
5 15 2 8
5 15 2 9
5 15 2 10
5 15 2 11
5 15 2 13
5 15 2 14
5 15 2 15
5 15 3 1
5 15 3 2
5 15 3 3
5 15 3 5
5 15 3 6
5 15 3 7
5 15 3 8
5 15 3 9
5 15 3 10
5 15 3 11
5 15 3 12
5 15 3 13
5 15 3 14
