100
19 53 4 48
34 53 8 53
61 31 47 7
39 73 3 73
61 37 20 18
61 54 58 48
69 83 25 21
45 89 4 24
65 53 18 50
93 65 53 37
76 19 24 8
31 43 13 11
27 81 4 44
30 91 17 16
33 57 29 3
67 67 46 11
67 49 30 34
23 75 6 12
25 91 17 23
75 93 25 75
75 25 75 3
89 86 11 40
37 73 15 49
37 93 12 14
65 45 31 23
61 70 58 11
85 89 29 13
15 57 1 39
88 80 35 18
28 91 1 73
27 43 21 9
22 76 10 58
31 58 28 12
41 59 4 30
65 19 1 9
66 24 1 13
64 78 59 35
83 53 22 52
69 18 61 3
89 81 89 19
77 19 5 9
93 94 18 76
19 81 16 22
16 46 4 23
57 83 26 56
73 30 51 28
62 87 52 50
83 91 60 46
21 73 15 41
48 67 22 21
65 17 37 10
89 73 17 29
45 89 27 41
49 71 13 39
17 37 11 27
63 85 57 7
71 29 32 18
47 37 16 34
80 75 34 61
93 79 45 71
23 75 2 36
42 58 9 10
17 69 1 35
43 68 15 67
73 47 27 41
81 77 4 16
85 23 55 19
42 79 19 59
29 29 11 29
49 20 23 7
93 52 56 50
67 53 2 6
35 27 32 4
41 32 29 6
66 55 3 21
19 15 16 7
68 58 48 26
56 73 53 8
94 41 77 40
71 91 18 80
55 30 29 24
84 29 73 16
33 85 22 12
45 59 4 22
38 15 15 1
71 41 13 9
59 51 13 1
89 37 50 4
55 90 43 37
31 39 31 5
21 33 2 12
55 41 9 3
15 47 12 12
89 59 50 10
16 41 16 27
77 55 30 18
37 75 8 68
16 75 15 54
58 19 9 19
24 20 20 2
