100
13 11 2 10
13 11 3 1
13 11 3 2
13 11 3 3
13 11 3 5
13 11 3 6
13 11 3 7
13 11 3 8
13 11 3 9
13 11 3 10
13 11 3 11
13 11 4 2
13 11 4 5
13 11 4 6
13 11 4 8
13 11 4 9
13 11 4 11
13 11 5 1
13 11 5 2
13 11 5 3
13 11 5 4
13 11 5 5
13 11 5 7
13 11 5 8
13 11 5 9
13 11 5 10
13 11 5 11
13 11 6 2
13 11 6 3
13 11 6 4
13 11 6 5
13 11 6 6
13 11 6 8
13 11 6 10
13 11 7 1
13 11 7 2
13 11 7 3
13 11 7 4
13 11 7 5
13 11 7 7
13 11 7 11
13 11 8 1
13 11 8 3
13 11 8 4
13 11 8 8
13 11 8 10
13 11 9 1
13 11 9 2
13 11 9 4
13 11 9 5
13 11 9 9
13 11 9 11
13 11 10 1
13 11 10 2
13 11 10 3
13 11 10 4
13 11 10 5
13 11 10 6
13 11 10 8
13 11 10 10
13 11 11 1
13 11 11 2
13 11 11 3
13 11 11 4
13 11 11 5
13 11 11 7
13 11 11 9
13 11 11 11
13 11 12 1
13 11 12 2
13 11 12 3
13 11 12 4
13 11 12 5
13 11 12 6
13 11 12 8
13 11 12 10
13 11 13 1
13 11 13 2
13 11 13 3
13 11 13 4
13 11 13 5
13 11 13 7
13 11 13 11
13 13 1 1
13 13 1 2
13 13 1 3
13 13 1 4
13 13 1 5
13 13 1 8
13 13 1 9
13 13 1 10
13 13 1 11
13 13 1 13
13 13 2 1
13 13 2 2
13 13 2 3
13 13 2 5
13 13 2 6
13 13 2 7
13 13 2 9
