100
15 9 15 3
15 9 15 4
15 9 15 5
15 9 15 7
15 9 15 9
15 11 1 1
15 11 1 2
15 11 1 3
15 11 1 4
15 11 1 5
15 11 1 6
15 11 1 7
15 11 1 8
15 11 1 9
15 11 1 11
15 11 2 1
15 11 2 3
15 11 2 6
15 11 2 8
15 11 2 9
15 11 2 10
15 11 2 11
15 11 3 2
15 11 3 3
15 11 3 4
15 11 3 5
15 11 3 6
15 11 3 7
15 11 3 8
15 11 3 9
15 11 3 10
15 11 3 11
15 11 4 1
15 11 4 5
15 11 4 6
15 11 4 7
15 11 4 8
15 11 4 9
15 11 4 10
15 11 4 11
15 11 5 1
15 11 5 2
15 11 5 4
15 11 5 5
15 11 5 6
15 11 5 7
15 11 5 9
15 11 5 10
15 11 5 11
15 11 6 1
15 11 6 3
15 11 6 4
15 11 6 5
15 11 6 6
15 11 6 8
15 11 6 10
15 11 7 1
15 11 7 3
15 11 7 4
15 11 7 7
15 11 7 9
15 11 7 11
15 11 8 1
15 11 8 2
15 11 8 3
15 11 8 4
15 11 8 6
15 11 8 10
15 11 9 1
15 11 9 2
15 11 9 3
15 11 9 4
15 11 9 5
15 11 9 7
15 11 9 9
15 11 9 11
15 11 10 1
15 11 10 2
15 11 10 3
15 11 10 5
15 11 10 6
15 11 10 8
15 11 10 10
15 11 11 1
15 11 11 2
15 11 11 3
15 11 11 5
15 11 11 7
15 11 11 9
15 11 12 1
15 11 12 2
15 11 12 3
15 11 12 4
15 11 12 5
15 11 12 6
15 11 12 8
15 11 12 10
15 11 13 1
15 11 13 3
15 11 13 4
