100
25 84 5 45
59 45 2 6
21 61 6 56
17 47 13 29
63 61 62 20
77 17 72 8
79 21 70 4
16 28 16 23
57 69 49 30
74 69 66 20
47 71 7 71
53 23 21 13
61 47 46 28
79 28 27 27
33 83 23 31
19 15 14 4
77 66 20 45
81 83 18 38
53 43 29 29
62 20 15 7
47 71 17 17
51 42 7 6
75 37 58 34
93 94 79 9
15 31 12 21
15 55 12 40
91 77 16 18
89 21 59 17
84 46 10 25
17 23 13 9
55 45 13 37
65 68 24 24
29 91 5 74
25 71 19 19
94 51 33 43
85 69 17 47
21 60 21 39
91 75 51 53
35 21 19 7
49 59 13 51
21 57 12 16
47 79 5 19
87 35 49 13
90 74 2 72
61 61 57 1
78 81 74 2
41 85 27 5
41 61 15 57
49 21 24 6
75 59 45 55
84 46 27 28
91 53 43 9
90 48 53 7
59 89 11 19
75 31 29 3
83 41 22 28
59 47 3 39
33 63 33 49
34 53 21 29
54 52 7 1
42 49 23 40
20 57 5 31
85 17 22 6
63 41 30 33
76 94 68 17
27 69 23 47
58 24 2 9
37 84 5 23
89 57 25 49
71 23 45 17
57 53 22 2
87 61 14 42
19 83 11 43
28 31 26 5
87 77 16 8
31 57 28 8
84 84 11 27
17 31 16 25
37 31 8 24
44 15 24 15
71 75 7 35
87 57 27 26
22 87 4 79
15 25 8 14
94 84 15 53
75 63 26 48
82 22 80 2
59 57 31 55
49 44 12 8
51 59 20 18
83 83 54 26
48 41 37 37
87 67 39 3
22 34 17 30
76 92 67 43
57 61 23 29
71 93 9 91
83 59 68 50
53 23 39 18
49 17 14 3
