100
93 55 53 53
15 67 2 5
65 81 50 26
53 58 10 44
63 79 59 13
16 54 3 12
23 70 23 48
75 15 40 2
71 82 41 28
37 57 37 57
79 61 71 33
56 29 14 15
82 65 16 7
77 25 55 21
78 34 2 28
84 45 8 45
39 15 32 2
65 81 3 65
47 85 22 50
29 51 10 26
91 93 61 19
45 33 43 25
40 70 21 57
21 45 2 24
85 89 41 37
80 24 44 10
45 68 8 45
75 22 18 11
23 26 7 1
77 56 66 38
71 65 1 45
50 93 40 19
42 50 40 18
56 73 16 12
25 63 12 26
76 59 63 28
59 27 43 13
85 76 7 8
20 15 15 2
27 21 18 12
85 83 36 12
51 51 9 1
65 91 61 9
92 26 36 14
33 15 2 14
87 67 7 67
83 73 6 2
33 61 32 34
89 27 5 1
70 55 49 51
83 37 69 31
35 65 6 60
56 34 15 5
29 51 13 39
24 75 10 60
31 16 3 16
31 39 15 15
30 91 30 70
69 25 21 25
81 85 22 28
83 79 2 74
30 21 10 5
83 29 55 27
75 31 8 4
58 61 27 17
17 91 1 57
51 93 49 69
81 92 21 9
57 61 47 15
15 39 7 16
57 32 44 10
15 85 2 48
45 17 10 16
75 86 35 72
63 92 51 89
70 79 68 21
91 57 28 50
72 38 40 6
37 23 3 13
39 33 29 15
79 89 32 10
82 85 38 78
76 70 3 69
23 68 12 28
53 91 24 42
30 51 27 20
40 47 28 2
81 63 61 37
39 44 12 20
87 87 9 49
47 51 4 42
55 76 27 4
24 32 7 16
85 90 82 35
17 89 3 11
85 61 16 12
91 39 91 25
17 71 11 41
47 77 1 41
15 29 7 27
