100
33 65 18 50
47 73 19 11
57 35 1 23
43 57 37 29
33 66 10 38
55 77 16 62
87 22 43 5
91 43 34 14
49 29 3 21
42 31 42 10
23 59 19 27
67 21 17 7
15 59 7 3
57 45 3 19
90 42 69 8
51 48 22 38
61 45 46 12
74 78 8 32
43 19 37 16
23 69 9 13
49 16 34 12
51 51 40 20
29 37 26 2
81 73 50 2
87 83 26 74
19 37 18 12
79 37 62 34
34 77 6 69
66 81 58 28
72 24 40 1
37 49 15 39
67 49 16 10
92 74 60 72
17 81 4 22
68 90 2 62
65 27 21 25
89 31 24 2
25 53 19 1
59 23 43 15
75 64 3 51
76 73 25 6
86 71 5 57
73 61 71 19
21 49 1 1
43 57 39 39
19 47 18 18
71 55 67 31
39 53 2 34
51 62 46 41
49 54 40 7
25 67 14 42
36 77 6 40
51 33 27 25
77 63 48 60
56 23 50 8
79 53 28 2
57 37 48 30
51 65 14 6
20 82 16 29
29 27 16 20
93 39 85 13
83 85 48 72
83 44 43 17
81 77 1 65
26 90 20 75
23 93 15 3
74 17 71 9
19 93 17 2
70 39 27 34
27 45 10 42
79 83 60 40
64 64 14 7
39 15 36 2
43 38 36 27
39 57 19 57
21 78 17 5
47 25 9 1
37 15 9 13
86 30 81 8
39 19 38 16
73 21 50 16
65 45 47 9
27 69 21 31
85 79 75 43
65 18 61 2
57 67 1 57
53 83 50 82
51 41 25 29
27 43 27 21
23 19 16 8
15 55 4 16
73 45 45 41
77 19 22 6
77 53 60 8
19 43 1 23
82 61 51 46
37 59 15 33
65 43 24 26
85 93 51 37
53 49 25 5
