100
11 5 10 2
11 5 10 3
11 5 10 4
11 5 10 5
11 5 11 1
11 5 11 2
11 5 11 3
11 5 11 4
11 5 11 5
11 7 1 1
11 7 1 2
11 7 1 3
11 7 1 4
11 7 1 5
11 7 1 6
11 7 1 7
11 7 2 1
11 7 2 2
11 7 2 3
11 7 2 7
11 7 3 1
11 7 3 2
11 7 3 3
11 7 3 4
11 7 3 5
11 7 3 7
11 7 4 1
11 7 4 3
11 7 4 4
11 7 4 5
11 7 4 6
11 7 4 7
11 7 5 1
11 7 5 2
11 7 5 3
11 7 5 4
11 7 5 5
11 7 5 7
11 7 6 1
11 7 6 3
11 7 6 4
11 7 6 5
11 7 6 6
11 7 7 1
11 7 7 2
11 7 7 5
11 7 7 7
11 7 8 1
11 7 8 2
11 7 8 6
11 7 9 1
11 7 9 2
11 7 9 4
11 7 9 5
11 7 9 7
11 7 10 1
11 7 10 2
11 7 10 3
11 7 10 4
11 7 10 5
11 7 11 1
11 7 11 2
11 7 11 3
11 7 11 4
11 7 11 5
11 7 11 7
11 9 1 1
11 9 1 2
11 9 1 3
11 9 1 4
11 9 1 5
11 9 1 6
11 9 1 7
11 9 1 8
11 9 1 9
11 9 2 1
11 9 2 3
11 9 2 4
11 9 2 5
11 9 2 6
11 9 2 7
11 9 2 8
11 9 2 9
11 9 3 1
11 9 3 2
11 9 3 3
11 9 3 4
11 9 3 5
11 9 3 6
11 9 3 7
11 9 3 8
11 9 3 9
11 9 4 1
11 9 4 3
11 9 4 4
11 9 4 5
11 9 4 7
11 9 4 8
11 9 4 9
11 9 5 1
