10
44 44
17 817 978 1045 1337 1563 1760 2709 3238 4232 4369 4948 5644 6088 6919 6934 6942 7507 7611 8041 8875 9297 9377 10053 11014 11704 12248 13050 13830 14486 14564 15109 15268 15285 15723 16177 17028 17166 17913 18688 19055 19793 19880 20555
136 621 1227 1241 1778 2085 2858 3513 3569 4082 4415 4551 5028 5771 6043 6236 6369 7314 7681 8100 9071 9360 10227 10562 11035 11488 12211 12919 13379 14174 14521 14527 14770 15778 16439 16692 17604 17997 18572 18578 18651 19027 19727 20508
29 31
804 1067 1542 1921 2469 2861 3771 4787 5271 5582 5650 5651 5793 5845 6798 6830 7421 7484 7531 8274 9163 9866 10550 10631 11015 11759 12727 13064 13782
684 1151 1930 2439 2460 2897 3904 4902 5585 6299 6867 6959 7683 8157 8280 8624 9520 10117 10427 10796 10979 11061 11783 12223 12912 13393 13890 14866 15239 15670 16678
45 40
1023 1410 1533 1717 2482 2497 2836 3001 3017 3738 4333 5064 5623 5873 5896 6325 6571 6899 7751 8434 8977 9483 10456 10947 11619 12393 13014 13244 13419 13978 14082 14625 14847 15379 15844 16006 16708 16981 17131 17944 18019 18964 19776 20685 21503
843 1828 2627 3124 3240 3583 3667 3869 4795 5560 6371 6793 7689 7799 8316 9179 9379 9840 10432 11317 11853 12664 13521 14206 14354 14524 14561 14746 14873 15835 16563 16737 17065 17623 18486 19134 19813 19858 20446 20759
45 30
206 620 1496 2054 3033 3949 4635 4731 5070 5593 6253 7178 7679 8104 8249 8913 9471 9622 10267 10880 11768 12775 13104 14081 14956 15169 15572 16241 16914 17009 17532 18237 19148 20053 20900 21020 21611 21757 22211 22761 23430 24062 24139 24279 24690
561 1120 1957 2350 2495 3352 3583 4446 4849 5383 5884 6494 6617 7242 7892 8745 9319 10176 10516 11348 11356 11852 12782 13090 13517 14333 15217 15367 15662 16061
38 48
714 929 1047 1922 2867 3437 3488 4057 5021 5873 6425 6716 7638 8629 8720 8730 9682 10100 11076 11309 12194 12669 12836 13606 14170 14494 14878 15442 15443 16402 16695 17004 17557 18162 18616 18688 19690 20201
646 1135 1654 2392 3201 3704 3912 4556 4565 5206 5951 5985 6776 7551 7965 8697 9154 10082 10275 11161 11657 11726 11857 12400 12504 13356 13937 14673 14799 14872 15840 16044 16148 16174 16398 17103 17557 18066 18328 19199 19285 19312 20101 20485 21479 22499 23276 23429
29 42
239 343 1063 1373 1526 1842 2166 2246 2852 3593 4360 5105 5538 6430 6911 7134 8156 8407 9138 10101 10866 11324 11492 11551 12424 12647 13543 14136 14162
974 1683 1704 2205 2575 3134 3968 4367 5390 5997 6210 6532 6711 7701 7974 8355 8656 8889 9632 9799 10512 11386 12078 12585 12944 13530 13684 14616 14645 14690 14780 15542 15651 15873 16810 17768 18477 19494 19550 20055 20312 21094
39 32
519 1073 2015 2963 3950 4058 4169 4675 5430 5555 6164 6671 7384 7691 8658 8969 9121 9307 9893 10705 10732 11024 11411 11984 12195 13175 13967 14608 14847 14967 15008 15973 16123 16386 17063 17677 17784 17972 17987
1020 1964 2143 3149 3699 4609 5224 6228 6522 7320 8297 8843 9341 9746 9761 10459 11288 11380 11449 12176 12398 13006 13045 13075 13395 13704 13932 14583 15273 15902 16801 17146
43 37
616 1063 1528 2138 2436 3165 3842 4271 4570 5106 5268 6291 7122 7179 7213 7849 8498 9203 9423 10233 10861 11562 11915 12591 13275 13374 13881 14200 14782 15154 15894 16674 17073 17938 17940 18079 19015 19676 20464 20896 21717 22695 23098
595 1243 1777 2660 2729 3197 3433 4443 4497 4825 5584 5881 5987 6569 7333 8011 8558 9425 9715 10264 11276 11890 12633 13080 13713 14471 14507 15105 16015 16907 16999 17627 18333 18452 19030 19189 19204
44 50
1008 1382 1518 2257 2506 3095 3372 3675 3832 4488 5305 5553 6212 6726 7326 7889 8595 9006 9163 9705 10289 11266 11858 11980 12049 12868 13052 13797 14487 15002 15846 16460 17405 18163 18653 19122 19386 20344 20583 20809 21215 21831 22057 22388
473 771 1742 2644 3599 4367 5361 5398 5884 6713 7333 8198 8365 9244 9512 9800 9938 10110 10424 11219 11960 12710 13150 14002 14764 15279 15897 16907 17841 18692 18864 19633 20448 20704 21672 22656 23189 24063 24514 25096 25787 26272 26498 26625 27529 27902 28265 28677 28719 29032
27 34
74 547 682 1666 1935 2783 3385 4004 4621 5308 6244 6452 6666 6842 7142 7839 8405 8501 9353 9936 10943 11580 12388 12396 13319 13908 14125
130 307 326 335 553 1569 1991 2022 2711 3091 4016 4721 5436 5569 6459 7095 7260 7451 8313 9007 9147 9326 9799 10253 11130 11615 12456 12907 13119 13872 13963 14828 15504 16344
