10
25 44
350 855 1333 1877 2005 2203 2985 3578 4063 4245 4694 5683 6213 7005 7652 8047 9044 9446 9996 10873 11778 11859 12148 12550 12727
569 1464 1999 2029 2049 2499 2750 3025 3751 4263 4832 5815 6415 7002 7751 7866 8354 8596 9329 10315 10950 11739 12188 12386 12517 12691 12708 13303 13888 14813 15046 15854 15858 15977 16845 16983 17132 18055 18686 19084 19839 20483 21180 21650
49 30
515 1367 1678 2371 2734 3346 4366 5157 5853 6799 7195 7397 7897 8175 8438 9212 9623 10468 10628 11150 11875 12478 13203 13371 14153 14473 15077 15661 15819 16236 16605 17000 17246 17642 18364 18808 19738 20032 20135 20552 20625 20948 21058 21306 22181 22925 23003 23783 24077
952 1712 2031 2724 3529 3587 4042 4902 5251 6247 6644 6663 7543 7602 8491 8897 9839 10644 10863 11145 11230 12245 12325 13021 13182 14201 15079 15304 16225 16315
15 48
202 853 1148 1735 2194 2823 3357 4073 4474 5324 6154 6526 7228 7942 8277
493 1314 2338 3140 3229 3358 4100 4359 4577 5082 5765 6298 6430 6997 7919 8254 8783 9156 9477 10235 10843 11863 11957 12533 13174 13397 13588 14425 14825 15248 16097 16913 16924 16983 17668 17680 17864 18765 18904 19792 20701 20784 21565 22163 22367 22890 22911 23111
48 42
118 734 1579 1924 2631 3260 4172 4672 5496 5640 6614 6753 7350 8005 8508 9412 9761 10519 11431 12270 12314 13295 14088 14105 15123 15726 15911 16906 17151 17371 18126 18153 18465 19475 19648 20544 21475 21852 22158 22869 23398 23730 24676 25635 26124 26825 27189 28038
660 977 1048 1370 2251 2856 3124 3984 4185 4984 5521 6140 6844 7391 7810 8185 8767 9597 9730 10183 10993 11117 11915 12072 12914 13938 14411 14852 15025 15593 16434 17154 17476 18221 18867 19814 20003 20294 20995 21853 22519 22807
33 33
799 949 1860 2685 3621 4432 5245 6050 6460 6717 7222 8078 8506 9187 10177 10821 11803 12504 12902 13473 14307 15026 15940 16470 17116 17537 17637 18545 19038 19158 19434 19855 20582
968 1981 2482 3206 3663 4225 4454 5155 5787 6220 6756 7409 7784 8200 8697 9367 9843 10271 11267 11881 12246 12468 12544 13125 13639 13938 14762 15039 15196 16189 16640 17141 17255
39 47
793 1278 1641 1833 2306 2948 3078 3325 3457 4233 4895 5451 5750 5931 6299 7250 7746 8196 9042 9583 9944 10412 10512 10662 11619 11727 11782 11945 12559 12860 13610 14345 15174 15506 15841 16084 16540 17416 17924
409 1172 1513 1922 2378 2662 3414 3831 4693 5290 5410 6093 6858 7786 8455 8917 9430 9641 10286 11186 11777 11856 12347 13247 13531 13584 14213 14482 14757 14813 15001 15484 16416 16770 17306 18155 19131 19716 20563 21101 21361 21503 21999 22327 22731 23614 23950
29 44
938 1953 2476 2722 3055 3678 4330 4414 5212 6230 7246 7565 7579 8554 8953 9670 10368 10792 11665 12046 12267 12440 12898 13493 13549 13957 14505 15029 16007
908 1408 1853 2467 2679 2896 3472 4009 4491 5192 5395 5581 6239 6882 7752 8687 8694 9109 9397 9746 10658 11034 11335 11610 11874 12107 12260 12384 12694 13081 13520 13657 13877 14125 14365 14772 15689 16231 16561 17065 17812 18114 19034 19893
25 38
802 1390 2200 2214 2697 2879 3766 4288 5200 5206 6216 6505 7146 7324 7473 7809 8042 8460 9198 10141 10440 10992 11612 12215 13096
812 1755 2299 2932 3524 4425 4912 5126 5694 6174 6932 7595 8292 8300 8385 8436 9415 10221 10703 11471 12204 12378 12740 13656 14673 14745 15160 15376 16309 16540 17506 17893 18657 19452 19873 20851 21592 21661
21 30
204 589 1543 1851 2482 3253 3667 4643 5587 6147 6954 7333 8183 8672 9144 9843 10771 11397 12003 12476 12803
917 1836 2237 2341 2608 3456 3539 4096 4356 4615 5079 6032 6108 6969 7412 7767 8167 8434 8696 8961 9579 10400 11191 11281 12253 13112 13530 14104 14323 14971
32 30
392 1338 2309 2726 3183 4185 5148 5389 6338 7341 7984 8574 9545 10295 10831 11538 12526 13517 13571 14236 14340 15243 15826 16134 16784 16864 17784 18642 19190 19394 20059 20223
716 1193 1930 2161 2796 3290 3944 4249 4541 4742 5143 6139 6944 7305 7487 8403 9203 9271 9586 9612 10379 10512 11430 11810 12199 12934 13054 14053 14708 15139
