10
5 13
694 633 886 168 720
166 542 881 525 846
81 677 810 648 903
139 925 210 894 669
217 481 217 298 601
2 1 2 2 -590
2 1 4 3 3
4 1 5 3 572
2 1 5 3 -299
1 2 5 3 772
3 1 4 2 980
4 2 4 3 -896
4 4 5 4 784
1 2 3 4 746
2 1 5 5 -636
2 2 5 3 552
2 1 3 2 -662
1 1 4 3 931
6 9
259 573 672 318 48 636
80 502 57 521 379 446
620 642 268 826 462 871
169 305 795 710 128 251
808 318 428 502 128 488
71 101 421 10 279 12
3 1 5 2 578
3 4 4 5 155
5 1 5 6 281
2 1 3 4 -417
1 1 6 2 -344
3 1 5 3 370
2 2 3 6 -214
2 2 6 5 -797
5 2 6 3 785
6 7
994 353 211 117 348 415
578 407 617 893 769 942
992 60 174 272 529 799
551 525 8 463 769 296
619 203 765 756 872 173
307 600 549 723 21 518
5 3 6 6 -728
4 1 6 2 214
4 1 5 4 -802
2 3 3 6 25
5 2 5 4 -726
1 1 5 4 525
2 3 5 5 855
8 7
451 248 602 453 344 643 705 562
199 113 468 362 791 993 93 684
193 396 669 815 234 241 757 916
852 897 31 865 923 904 443 939
247 662 782 669 373 690 796 102
93 866 872 833 633 117 600 265
760 10 161 790 763 797 531 829
906 922 888 210 404 439 622 247
1 5 3 8 -495
1 1 2 8 751
1 6 4 6 574
2 3 6 7 -700
2 4 5 6 -571
4 5 5 8 495
5 4 8 5 -320
6 9
557 960 729 280 149 271
904 609 182 156 468 156
254 197 950 852 37 178
811 904 173 581 457 803
37 618 159 235 233 381
755 696 145 562 2 119
2 6 4 6 592
1 2 1 2 929
1 1 2 4 -899
4 1 6 5 -422
2 1 4 3 -285
1 3 4 6 -291
4 5 5 5 82
2 2 6 5 920
3 1 3 2 770
7 18
529 43 245 316 639 23 251
268 532 237 405 269 203 24
660 651 780 74 488 81 616
257 351 338 340 646 120 152
244 603 992 302 793 450 767
91 686 757 415 508 940 102
442 832 215 982 895 183 261
1 3 4 3 159
4 6 7 7 -566
1 2 6 6 257
2 3 3 4 473
1 4 3 4 694
5 2 6 2 -521
4 2 5 5 -323
3 2 4 7 -108
1 6 4 7 -552
5 3 6 7 87
3 2 3 3 306
1 2 3 4 437
4 2 6 6 376
5 4 7 7 932
3 3 3 7 -781
2 3 3 7 366
5 3 7 6 -889
2 1 4 1 -344
7 10
744 736 742 231 641 864 525
963 947 766 138 632 925 326
698 724 833 288 455 472 517
679 454 627 684 827 453 682
229 845 767 841 540 137 658
780 55 27 790 224 920 888
287 491 786 961 320 563 928
1 2 4 5 989
2 1 2 5 -787
4 3 7 5 578
4 1 7 6 454
4 2 5 7 474
3 1 5 7 -132
5 1 5 4 -374
1 4 1 7 -233
1 1 2 4 47
1 3 7 4 -300
6 7
188 575 942 673 120 127
279 812 722 88 408 170
372 236 929 84 308 933
73 943 939 550 406 281
428 721 753 516 197 897
814 580 136 948 995 538
1 3 6 4 127
3 2 5 3 444
3 2 4 6 587
5 2 6 3 175
1 2 3 5 -397
1 3 6 6 99
4 2 6 2 97
8 5
970 168 114 780 432 630 65 751
481 294 54 411 586 467 351 255
602 831 427 728 797 774 822 161
883 453 703 48 753 45 1000 61
847 840 737 533 881 247 787 915
105 115 759 385 693 107 452 356
971 291 998 355 232 181 365 168
673 63 30 113 672 860 981 834
4 3 7 4 -15
4 8 6 8 -611
1 4 7 6 189
1 7 7 8 -801
7 1 7 4 135
8 12
904 905 470 652 275 139 629 589
765 207 94 883 898 656 60 820
2 107 384 456 901 838 873 191
930 34 144 961 345 393 248 613
695 208 310 445 455 107 411 232
213 239 219 493 952 609 451 547
519 786 695 317 814 176 756 179
655 482 781 107 632 670 445 558
7 7 8 7 -787
2 1 4 6 397
3 1 6 5 802
3 1 5 2 -887
1 4 7 4 -566
3 5 6 6 785
6 5 7 8 623
8 3 8 5 -222
2 4 5 5 -115
7 2 8 6 -793
6 7 8 7 -956
2 1 4 1 35
