5
2 5
694 633
886 168
2 1 2 2 -205
1 1 2 2 198
1 1 1 2 -311
1 1 1 1 -971
1 1 1 1 -590
7 4
971 987 278 776 929 631 480
803 853 595 808 842 181 138
555 493 161 542 419 414 817
283 601 661 729 392 4 783
804 394 789 155 799 126 523
972 81 694 350 307 51 460
655 357 795 12 452 143 96
2 5 5 7 -662
1 1 7 2 931
4 4 7 4 -510
5 5 7 7 704
3 1
379 446 620
642 268 826
462 871 169
1 1 2 3 974
3 8
428 502 128
488 71 101
421 10 279
2 2 3 3 524
1 1 2 3 -964
1 2 3 2 587
1 2 1 3 722
2 1 2 3 -718
3 2 3 3 944
2 2 3 3 -254
1 2 2 3 486
4 1
592 618 1 937
774 827 994 353
211 117 348 415
578 407 617 893
1 2 4 4 -443
